0.2630431652069092
0.05309499427676201
0.05071600526571274
0.049048956483602524
0.04870891198515892
0.04828188940882683
0.048367343842983246
0.04827946797013283
0.044837743043899536
0.04049168527126312
0.04143081605434418
0.041644856333732605
0.03529571741819382
0.04084125533699989
0.03823059797286987
0.038375500589609146
0.03643147274851799
0.029449375346302986
0.03149114549160004
0.03271068260073662
0.0333949476480484
0.031162353232502937
0.02915242500603199
0.026933984830975533
0.0314905159175396
0.02750548906624317
0.027329187840223312
0.026544488966464996
0.02132369764149189
0.025804582983255386
0.025728100910782814
0.02623252011835575
0.031249359250068665
0.016066614538431168
0.02799670770764351
0.01571127213537693
0.021258000284433365
0.020106930285692215
0.023041440173983574
0.01788819022476673
0.016441471874713898
0.021204443648457527
0.01671380177140236
0.025125006213784218
0.0210418663918972
0.017539024353027344
0.020729610696434975
0.01533947791904211
0.01637333817780018
0.022431369870901108
0.018772389739751816
0.01569196581840515
0.017690550535917282
0.01522892341017723
0.01605079509317875
0.017643649131059647
0.01744089089334011
0.020037734881043434
0.025709940120577812
0.016422845423221588
0.014883603900671005
0.019981184974312782
0.01444308366626501
0.0158483125269413
0.014754348434507847
0.01691092923283577
0.02023322880268097
0.01851871982216835
0.011260401457548141
0.016591865569353104
0.011725124903023243
0.011949392035603523
0.015796896070241928
0.010131442919373512
0.018371714279055595
0.015416059643030167
0.017514696344733238
0.017669672146439552
0.015687361359596252
0.011658325791358948
0.016775084659457207
0.02053927443921566
0.011855111457407475
0.012352732010185719
0.012301765382289886
0.010620992630720139
0.015360330231487751
0.011517525650560856
0.00984015129506588
0.01725190319120884
0.011679774150252342
0.01120127085596323
0.013796217739582062
0.01190312672406435
0.013430578634142876
0.012183386832475662
0.01352317351847887
0.018001191318035126
0.01343555748462677
0.009941179305315018
0.02062852866947651
0.013044700026512146
0.0156137365847826
0.01097828894853592
0.011401671916246414
0.008991413749754429
0.008252195082604885
0.009946589358150959
0.010071266442537308
0.014837910421192646
0.0166306309401989
0.008991185575723648
0.010466299951076508
0.012588687241077423
0.019304905086755753
0.011449520476162434
0.008471221663057804
0.009444608353078365
0.00860227644443512
0.012110358104109764
0.011653400026261806
0.0152818588539958
0.009573669172823429
0.011785103008151054
0.007688477635383606
0.011686727404594421
0.006812081206589937
0.012687182985246181
0.0073577631264925
0.006439457647502422
0.01085751410573721
0.010242803022265434
0.01152021437883377
0.011872585862874985
0.01581345684826374
0.005998943466693163
0.007254172582179308
0.0059347450733184814
0.012641754932701588
0.011555898934602737
0.008222542703151703
0.007452831137925386
0.011296241544187069
0.017723456025123596
0.01045945007354021
0.01074956450611353
0.009802454151213169
0.010243276134133339
0.009515457786619663
0.007289974018931389
0.01114081870764494
0.010749266482889652
0.009502123109996319
0.016044780611991882
0.007566920015960932
0.005010827444493771
0.00861915573477745
0.004977695643901825
0.008446943946182728
0.008133765310049057
0.011547263711690903
0.01392289623618126
0.009126010350883007
0.009782599285244942
0.01184401847422123
0.006867160554975271
0.01016304176300764
0.004497319459915161
0.00930896494537592
0.00660488847643137
0.005513814743608236
0.009583846665918827
0.007469355594366789
0.007335492875427008
0.008352960459887981
0.006554176099598408
0.012899884022772312
0.01361412089318037
0.009033565409481525
0.010497293435037136
0.002032170770689845
0.007046438287943602
0.011597629636526108
0.006733407266438007
0.011295734904706478
0.00906967744231224
0.004383548628538847
0.015551901422441006
0.007015969138592482
0.012135523371398449
0.0070632146671414375
0.012513433583080769
0.010186081752181053
0.008981498889625072
0.008973396383225918
0.010816567577421665
0.009617896750569344
0.003861798904836178
0.004312796983867884
0.008104424923658371
0.009245733730494976
0.010477151721715927
0.0062609026208519936
0.009500439278781414
0.008105674758553505
0.003537464886903763
0.004992820788174868
0.00911344587802887
0.007966957055032253
0.005504871718585491
0.008229369297623634
0.012886974029242992
0.007567268796265125
0.009337375871837139
0.004825775045901537
0.004637598991394043
0.010275281965732574
0.008761531673371792
0.0050083729438483715
0.0031586375553160906
0.007555085700005293
0.005423514172434807
0.006188040599226952
0.006845387630164623
0.005076980218291283
0.008190898224711418
0.005920602008700371
0.005982838571071625
0.010499220341444016
0.006151917856186628
0.006449229083955288
0.003232286311686039
0.008695092052221298
0.00679964991286397
0.006951197050511837
0.0038732802495360374
0.004842821508646011
0.006684006657451391
0.0091914813965559
0.011853870004415512
0.005724621005356312
0.007316248025745153
0.003134577302262187
0.0033580984454602003
0.008085014298558235
0.01362234354019165
0.005102400667965412
0.01161261461675167
0.010398861952126026
0.011086367070674896
0.0070380521938204765
0.007068393751978874
0.005522645078599453
0.00961496215313673
0.0034430210944265127
0.006534329615533352
0.003960050642490387
0.002881003310903907
0.004850037395954132
0.003568800399079919
0.01023633498698473
0.008921382017433643
0.00466571282595396
0.0015755976783111691
0.007229925133287907
0.0057851094752550125
0.0046214573085308075
0.0026535450015217066
0.0057765948586165905
0.01635926589369774
0.012274271808564663
0.004127219785004854
0.010203162208199501
0.0027031204663217068
0.003558287862688303
0.0025248131714761257
0.0021998118609189987
0.0027242680080235004
0.0059426408261060715
0.0015529238153249025
0.0026133256033062935
0.006011284422129393
0.0014561100397258997
0.006940486375242472
0.0020424146205186844
0.00424947589635849
0.0009117054869420826
0.003960953094065189
0.012682215310633183
0.0032422104850411415
0.003899720963090658
0.0024515397381037474
0.002872572746127844
0.009372214786708355
0.00418061763048172
0.005408417899161577
0.004484220407903194
0.006721647921949625
0.005315165035426617
0.0021663247607648373
0.0037435658741742373
0.005421351175755262
0.004198928829282522
0.005048013757914305
0.0054482570849359035
0.007175616454333067
0.005733209662139416
0.005227221641689539
0.0022106971591711044
0.0016109811840578914
0.004537991713732481
0.004127944353967905
0.006775494199246168
0.003686218522489071
0.003783733118325472
0.005028119310736656
0.005336224101483822
0.003945901989936829
0.006011646240949631
0.0015205924864858389
0.004653748124837875
0.0060067870654165745
0.0037985583767294884
0.0037478767335414886
0.006739935837686062
0.003406740492209792
0.00590132549405098
0.004839116707444191
0.006675245240330696
0.009519542567431927
0.0032971010077744722
0.0010650691110640764
0.005383533891290426
0.0034956177696585655
0.005856641102582216
0.0025949387345463037
0.006643522996455431
0.004272787366062403
0.007194860372692347
0.0029910809826105833
0.001722170622088015
0.0034454704727977514
0.0018392407801002264
0.0033942265436053276
0.002419302938506007
0.00382576254196465
0.007522968575358391
0.0059927781112492085
0.004311929922550917
0.001982699381187558
0.0012738460209220648
0.004063533619046211
0.00406576506793499
0.002825255738571286
0.0021891503129154444
0.005156808998435736
0.0015220247441902757
0.014976921491324902
0.0045890784822404385
0.003684497671201825
0.010017399676144123
0.003871839726343751
0.0037960298359394073
0.006289670709520578
0.006902917753905058
0.005244814325124025
0.0075861006043851376
0.0007161205867305398
0.0012618991313502192
0.003055868437513709
0.0048010582104325294
0.000603045045863837
0.004715500865131617
0.003787062596529722
0.006005194503813982
0.0012212845031172037
0.004752865061163902
0.005415068939328194
0.006188333500176668
0.0033347553107887506
0.010129074566066265
0.006427139043807983
0.008498867973685265
0.006293646991252899
0.006457477807998657
0.0008220627205446362
0.001952368300408125
0.003990557510405779
0.0018541027093306184
0.004428510088473558
0.0026623120065778494
0.004500315524637699
0.005593025125563145
0.00600775983184576
0.00322909839451313
0.00778914662078023
0.006825729738920927
0.0018062351737171412
0.008510968647897243
0.0032684195321053267
0.0009269204456359148
0.0026794455479830503
0.0015504424227401614
0.004182453267276287
0.006449734326452017
0.004209222737699747
0.004708729684352875
0.008995645679533482
0.0015260799555107951
0.0027404327411204576
0.011317730881273746
0.0022172315511852503
0.006321139633655548
0.003866362851113081
0.006995834410190582
0.005328510422259569
0.009577714838087559
0.003525419859215617
0.0015269507421180606
0.009613404050469398
0.0068757603876292706
0.011772871017456055
0.002569289645180106
0.004752966109663248
0.003061817493289709
0.0014293085550889373
0.0011379460338503122
0.00718723377212882
0.0029637902043759823
0.0029246520716696978
0.010756026022136211
0.007000681012868881
0.0012653751764446497
0.0043146866373717785
0.003252313705161214
0.006832528859376907
0.0031200351659208536
0.005249174311757088
0.00819605216383934
0.002190990373492241
0.006691588554531336
0.00930321216583252
0.009136161766946316
0.004191125277429819
0.001126947463490069
0.0016021759947761893
0.004130031447857618
0.001976517029106617
0.0035948562435805798
0.0033438019454479218
0.008937646634876728
0.0063234968110919
0.005699820816516876
0.004839020781219006
0.0052663288079202175
0.006584230810403824
0.008194208145141602
0.004657160025089979
0.005964578595012426
0.0053781745955348015
0.004348565824329853
0.003941946662962437
0.005537525750696659
0.010447118431329727
0.0016994033940136433
0.004168304149061441
0.0047005293890833855
0.005610091611742973
0.0022624770645052195
0.002373793628066778
0.0016571242595091462
0.000606173591222614
0.004931365139782429
0.0044380854815244675
0.0051214746199548244
0.0023704080376774073
0.004256358370184898
0.003578046802431345
0.005411834456026554
0.0037107011303305626
0.0067458441480994225
0.0035457832273095846
0.004942452069371939
0.0010672369971871376
0.004065140150487423
0.001094100996851921
0.006040540058165789
0.002146358136087656
0.004444990772753954
0.00540137430652976
0.008281009271740913
0.0019580035004764795
0.0032882860396057367
0.004744378849864006
0.0019722215365618467
0.0019666056614369154
0.001689130556769669
0.0037244553677737713
0.003079838352277875
0.007054260466247797
