4.473684210526316
5.0
5.0
7.631578947368421
8.157894736842104
10.263157894736842
8.947368421052632
13.157894736842104
20.789473684210527
32.63157894736842
30.263157894736842
38.421052631578945
50.78947368421053
35.526315789473685
45.526315789473685
46.8421052631579
45.0
65.52631578947368
56.05263157894737
53.68421052631579
58.1578947368421
56.578947368421055
61.8421052631579
71.3157894736842
56.31578947368421
66.57894736842105
65.78947368421052
67.36842105263158
81.05263157894737
71.84210526315789
71.05263157894737
67.36842105263158
58.68421052631579
88.15789473684211
73.15789473684211
92.10526315789474
81.05263157894737
78.42105263157895
72.63157894736842
81.57894736842105
85.0
78.6842105263158
89.47368421052632
66.84210526315789
73.42105263157895
81.05263157894737
76.05263157894737
86.57894736842105
82.89473684210526
77.10526315789474
77.89473684210526
89.47368421052632
81.84210526315789
87.10526315789474
83.6842105263158
76.57894736842105
81.84210526315789
76.05263157894737
65.78947368421052
84.73684210526316
85.26315789473684
76.84210526315789
88.15789473684211
82.89473684210526
85.52631578947368
83.94736842105263
82.89473684210526
76.84210526315789
88.15789473684211
82.36842105263158
91.05263157894737
88.15789473684211
80.52631578947368
90.52631578947368
77.10526315789474
83.42105263157895
81.05263157894737
77.36842105263158
79.47368421052632
89.73684210526316
82.10526315789474
75.0
93.6842105263158
91.84210526315789
88.42105263157895
90.52631578947368
81.84210526315789
89.73684210526316
90.78947368421052
79.73684210526316
87.10526315789474
88.42105263157895
81.05263157894737
87.10526315789474
86.57894736842105
85.0
83.94736842105263
81.3157894736842
83.94736842105263
91.05263157894737
71.57894736842105
89.21052631578948
79.73684210526316
91.84210526315789
91.3157894736842
91.57894736842105
93.6842105263158
91.84210526315789
89.47368421052632
79.21052631578948
80.78947368421052
90.26315789473684
88.6842105263158
93.15789473684211
72.63157894736842
91.84210526315789
90.26315789473684
89.73684210526316
91.57894736842105
86.84210526315789
90.52631578947368
76.84210526315789
90.78947368421052
87.10526315789474
91.84210526315789
89.21052631578948
95.78947368421052
81.3157894736842
92.10526315789474
97.89473684210526
87.89473684210526
91.57894736842105
86.05263157894737
86.57894736842105
85.26315789473684
95.26315789473684
93.94736842105263
95.26315789473684
85.26315789473684
88.6842105263158
93.94736842105263
91.05263157894737
86.84210526315789
80.52631578947368
89.73684210526316
91.57894736842105
87.63157894736842
88.42105263157895
89.47368421052632
91.57894736842105
87.63157894736842
90.26315789473684
87.36842105263158
78.6842105263158
94.47368421052632
94.73684210526316
94.47368421052632
95.26315789473684
91.84210526315789
94.21052631578948
84.21052631578948
80.0
86.84210526315789
92.36842105263158
85.78947368421052
91.84210526315789
89.47368421052632
97.63157894736842
88.94736842105263
93.6842105263158
97.63157894736842
90.0
97.10526315789474
90.26315789473684
91.3157894736842
91.84210526315789
85.0
89.47368421052632
88.15789473684211
86.3157894736842
99.73684210526316
96.57894736842105
84.47368421052632
94.21052631578948
84.47368421052632
88.6842105263158
98.94736842105263
85.52631578947368
94.21052631578948
84.47368421052632
92.89473684210526
83.94736842105263
89.21052631578948
89.73684210526316
93.15789473684211
86.84210526315789
87.89473684210526
98.6842105263158
97.89473684210526
92.63157894736842
85.0
87.36842105263158
95.52631578947368
91.05263157894737
91.57894736842105
98.15789473684211
96.3157894736842
91.05263157894737
90.78947368421052
95.78947368421052
89.47368421052632
84.47368421052632
93.42105263157895
92.36842105263158
94.73684210526316
97.36842105263158
84.47368421052632
89.73684210526316
97.36842105263158
98.42105263157895
89.73684210526316
92.36842105263158
92.89473684210526
92.36842105263158
98.6842105263158
90.52631578947368
97.10526315789474
92.36842105263158
85.78947368421052
91.84210526315789
95.0
98.94736842105263
91.05263157894737
93.6842105263158
91.3157894736842
97.36842105263158
97.89473684210526
94.73684210526316
87.10526315789474
86.3157894736842
97.36842105263158
92.36842105263158
97.89473684210526
97.63157894736842
91.05263157894737
83.6842105263158
96.3157894736842
82.10526315789474
87.36842105263158
89.21052631578948
95.26315789473684
92.10526315789474
95.78947368421052
88.42105263157895
98.15789473684211
93.15789473684211
95.78947368421052
97.36842105263158
93.6842105263158
97.89473684210526
85.52631578947368
91.05263157894737
96.57894736842105
98.6842105263158
93.6842105263158
99.21052631578948
95.0
97.63157894736842
92.36842105263158
82.89473684210526
86.05263157894737
95.26315789473684
88.6842105263158
97.89473684210526
97.63157894736842
98.42105263157895
99.21052631578948
99.21052631578948
93.15789473684211
99.47368421052632
96.84210526315789
93.42105263157895
99.47368421052632
89.21052631578948
98.42105263157895
98.42105263157895
99.47368421052632
96.84210526315789
87.89473684210526
98.42105263157895
96.3157894736842
97.89473684210526
97.10526315789474
88.94736842105263
96.3157894736842
95.0
94.47368421052632
91.3157894736842
93.42105263157895
98.94736842105263
98.15789473684211
93.6842105263158
98.6842105263158
96.3157894736842
92.10526315789474
90.26315789473684
93.42105263157895
94.47368421052632
99.47368421052632
98.15789473684211
93.6842105263158
95.26315789473684
89.21052631578948
96.3157894736842
96.84210526315789
94.73684210526316
94.47368421052632
97.63157894736842
92.89473684210526
99.21052631578948
96.05263157894737
93.6842105263158
95.0
95.0
90.0
98.94736842105263
94.73684210526316
97.89473684210526
94.47368421052632
91.84210526315789
99.21052631578948
99.73684210526316
96.05263157894737
94.73684210526316
91.57894736842105
98.6842105263158
92.63157894736842
97.10526315789474
93.15789473684211
97.10526315789474
99.21052631578948
97.63157894736842
98.6842105263158
99.21052631578948
99.47368421052632
97.36842105263158
92.89473684210526
94.21052631578948
96.05263157894737
97.89473684210526
98.42105263157895
99.73684210526316
95.78947368421052
96.57894736842105
97.63157894736842
95.52631578947368
99.47368421052632
85.26315789473684
95.0
94.21052631578948
84.47368421052632
97.10526315789474
94.73684210526316
92.63157894736842
91.57894736842105
92.36842105263158
95.0
100.0
98.94736842105263
96.57894736842105
95.0
99.73684210526316
94.73684210526316
96.05263157894737
93.94736842105263
99.47368421052632
92.36842105263158
95.52631578947368
90.78947368421052
96.3157894736842
87.10526315789474
93.42105263157895
91.57894736842105
95.52631578947368
92.63157894736842
99.73684210526316
99.47368421052632
96.05263157894737
98.15789473684211
94.73684210526316
99.21052631578948
95.52631578947368
95.26315789473684
93.42105263157895
96.05263157894737
92.63157894736842
96.57894736842105
99.73684210526316
95.0
97.36842105263158
99.47368421052632
99.47368421052632
98.15789473684211
94.73684210526316
93.6842105263158
95.52631578947368
93.15789473684211
91.3157894736842
100.0
96.3157894736842
87.63157894736842
98.15789473684211
96.3157894736842
94.47368421052632
91.57894736842105
96.84210526315789
90.52631578947368
95.78947368421052
100.0
90.26315789473684
92.10526315789474
85.78947368421052
97.36842105263158
95.78947368421052
96.84210526315789
98.94736842105263
99.73684210526316
94.73684210526316
96.57894736842105
97.63157894736842
89.73684210526316
93.42105263157895
99.47368421052632
95.78947368421052
96.05263157894737
91.57894736842105
98.15789473684211
92.63157894736842
91.3157894736842
98.42105263157895
95.0
90.52631578947368
88.6842105263158
95.26315789473684
99.47368421052632
98.94736842105263
97.89473684210526
99.73684210526316
98.94736842105263
96.57894736842105
92.89473684210526
92.63157894736842
96.3157894736842
97.10526315789474
95.0
96.3157894736842
89.47368421052632
95.0
91.3157894736842
96.05263157894737
95.78947368421052
96.84210526315789
93.6842105263158
86.3157894736842
99.47368421052632
96.84210526315789
93.94736842105263
94.73684210526316
97.63157894736842
97.63157894736842
98.6842105263158
100.0
96.84210526315789
95.78947368421052
94.47368421052632
97.89473684210526
93.15789473684211
96.57894736842105
92.10526315789474
98.42105263157895
93.15789473684211
97.89473684210526
96.05263157894737
99.73684210526316
94.73684210526316
99.21052631578948
93.6842105263158
99.73684210526316
97.63157894736842
93.94736842105263
92.63157894736842
98.6842105263158
97.10526315789474
96.57894736842105
99.73684210526316
99.21052631578948
98.42105263157895
98.6842105263158
98.94736842105263
93.6842105263158
