0.28588250279426575
0.05271850526332855
0.04970683157444
0.04956210032105446
0.04862147197127342
0.04840182885527611
0.046697948127985
0.04272216185927391
0.04244785010814667
0.04111584275960922
0.03757057338953018
0.0356881283223629
0.03564289212226868
0.037507738918066025
0.03512057662010193
0.036076970398426056
0.028763124719262123
0.03162486106157303
0.032261744141578674
0.030216636136174202
0.026421984657645226
0.0292653851211071
0.03276493027806282
0.026527568697929382
0.031227584928274155
0.028887027874588966
0.02427896484732628
0.02366591989994049
0.030502641573548317
0.022957153618335724
0.02409556321799755
0.0220200065523386
0.024976372718811035
0.020784510299563408
0.024555036798119545
0.025748196989297867
0.022127922624349594
0.023252442479133606
0.015196415595710278
0.01779182441532612
0.021207449957728386
0.021697675809264183
0.027858426794409752
0.019992893561720848
0.01988164894282818
0.017995629459619522
0.017723070457577705
0.020202234387397766
0.01794743910431862
0.019816454499959946
0.01576494611799717
0.018204905092716217
0.013603328727185726
0.02102947048842907
0.014753866009414196
0.017006052657961845
0.022368725389242172
0.018458733335137367
0.019425565376877785
0.016019102185964584
0.018634241074323654
0.01238565519452095
0.011432521045207977
0.024397004395723343
0.017498841509222984
0.010465352796018124
0.011014782823622227
0.022830046713352203
0.009651935659348965
0.013933016918599606
0.012403533793985844
0.014552784152328968
0.01751856878399849
0.018902840092778206
0.01716805249452591
0.015477368608117104
0.01746588945388794
0.01366930827498436
0.015546848066151142
0.012899375520646572
0.014892688021063805
0.019876642152667046
0.009879857301712036
0.0119802076369524
0.013728126883506775
0.014305938966572285
0.012064977549016476
0.015912767499685287
0.012511209584772587
0.01172013022005558
0.011046738363802433
0.014977783896028996
0.012047319673001766
0.019209573045372963
0.01145708467811346
0.012663342989981174
0.01087399385869503
0.017903445288538933
0.009149783290922642
0.012792151421308517
0.019466014578938484
0.012904023751616478
0.00840546190738678
0.01678895764052868
0.016397904604673386
0.015033128671348095
0.01499473862349987
0.016201289370656013
0.007370611187070608
0.013475606217980385
0.005150901153683662
0.012379961088299751
0.01095822174102068
0.012980337254703045
0.01737033575773239
0.015442557632923126
0.013810142874717712
0.008787200786173344
0.01550604309886694
0.015501804649829865
0.011147343553602695
0.013145968317985535
0.011534437537193298
0.009461005218327045
0.014496628195047379
0.014207708649337292
0.013728347606956959
0.011607791297137737
0.01208934560418129
0.013589021749794483
0.00797294545918703
0.00946915801614523
0.011122667230665684
0.011553623713552952
0.013973795808851719
0.012132467702031136
0.011040272191166878
0.005076961126178503
0.006194178480654955
0.0094289006665349
0.008323988877236843
0.014115562662482262
0.006313809659332037
0.006578944157809019
0.015344444662332535
0.010319650173187256
0.007542503532022238
0.006793345790356398
0.007014496251940727
0.014239553362131119
0.01412463653832674
0.008011076599359512
0.012279896065592766
0.014782649464905262
0.01115805096924305
0.004589725285768509
0.010706358589231968
0.006725943181663752
0.009208962321281433
0.009269176051020622
0.012609538622200489
0.002491823397576809
0.013472297228872776
0.011292505078017712
0.0050068688578903675
0.009291034191846848
0.008062643930315971
0.010497688315808773
0.008839048445224762
0.00565151683986187
0.006796652916818857
0.006434651557356119
0.013181693851947784
0.007682680618017912
0.009734425693750381
0.0064203799702227116
0.008361667394638062
0.012513727881014347
0.014128030277788639
0.016367346048355103
0.007180838380008936
0.0039260308258235455
0.003682279959321022
0.014446635730564594
0.007233526092022657
0.006972092669457197
0.007832539267838001
0.0035927887074649334
0.00661101471632719
0.005427749361842871
0.010439787060022354
0.006811040453612804
0.009748591110110283
0.01180942915380001
0.004993627313524485
0.007131798658519983
0.00668836385011673
0.007709373254328966
0.003778312122449279
0.006575208622962236
0.008593293838202953
0.011210638098418713
0.006711488589644432
0.00788896158337593
0.008116611279547215
0.005702636204659939
0.007371386978775263
0.01199369877576828
0.004446874372661114
0.005554263014346361
0.007836628705263138
0.010358724743127823
0.0034518339671194553
0.00601049093529582
0.01746920309960842
0.006367178168147802
0.009339489042758942
0.007422733120620251
0.012459933757781982
0.008592180907726288
0.007678218185901642
0.0063480194658041
0.008885202929377556
0.006725103594362736
0.0016121271764859557
0.006786908954381943
0.003989757504314184
0.0026616835966706276
0.007836731150746346
0.008091853931546211
0.008038328029215336
0.006946014240384102
0.006443630903959274
0.0041176979430019855
0.013676213100552559
0.005127106327563524
0.008107779547572136
0.011493178084492683
0.009079629555344582
0.00772440480068326
0.00843787007033825
0.014755449257791042
0.010035023093223572
0.005579169373959303
0.003320088377222419
0.008348451927304268
0.011384495534002781
0.006742203142493963
0.007119222544133663
0.003695447463542223
0.011753053404390812
0.007563270628452301
0.008836920373141766
0.005560101475566626
0.004311555530875921
0.0034204095136374235
0.004137515556067228
0.004049344453960657
0.0037147498223930597
0.005727759562432766
0.003388499142602086
0.006616281345486641
0.005024634767323732
0.003390822559595108
0.004860464949160814
0.009519705548882484
0.006788675673305988
0.006813276093453169
0.0034088371321558952
0.0019259282853454351
0.013609162531793118
0.006327478680759668
0.005285925231873989
0.00876805279403925
0.010524281300604343
0.004815178923308849
0.0046781147830188274
0.01021167729049921
0.004308325704187155
0.0050815134309232235
0.003900208044797182
0.004824714735150337
0.0028697329107671976
0.0019530197605490685
0.007231689058244228
0.004301068838685751
0.00564030185341835
0.006841314025223255
0.010112731717526913
0.005809937138110399
0.00354962982237339
0.004645598120987415
0.002954719588160515
0.0026250535156577826
0.009643604047596455
0.001318594440817833
0.004886737558990717
0.004054752178490162
0.003202434629201889
0.0032454044558107853
0.003973333165049553
0.0037100946065038443
0.003262540325522423
0.006290586199611425
0.0012144941138103604
0.005233060568571091
0.004992919508367777
0.008354173973202705
0.0025394069962203503
0.007314600050449371
0.008120207116007805
0.0039097340777516365
0.0068387859500944614
0.0088546983897686
0.007648944389075041
0.004778566770255566
0.006504243239760399
0.0032617771066725254
0.0059051793068647385
0.006057152524590492
0.005583816673606634
0.003598380135372281
0.0026131528429687023
0.00687524676322937
0.0043627601116895676
0.0011606143089011312
0.0021207653917372227
0.0012031246442347765
0.0015076692216098309
0.0030935159884393215
0.005150869023054838
0.005477182101458311
0.00503232516348362
0.0067228577099740505
0.004845655523240566
0.005166316404938698
0.008675743825733662
0.004244107287377119
0.004402720369398594
0.0061167278327047825
0.0032817681785672903
0.008344088681042194
0.0034045663196593523
0.006784464698284864
0.006943033076822758
0.007131245918571949
0.0022622954566031694
0.002413193928077817
0.003960520960390568
0.005285749677568674
0.006103153806179762
0.008674301207065582
0.002258561085909605
0.006146670784801245
0.0016127126291394234
0.00508198793977499
0.009086789563298225
0.005715841427445412
0.0030255396850407124
0.006558499298989773
0.0066379364579916
0.005349878687411547
0.0032413876615464687
0.006417964119464159
0.004205114208161831
0.006013241596519947
0.009038682095706463
0.006460594013333321
0.004888375289738178
0.0031939188484102488
0.003440527943894267
0.007770205847918987
0.004108082503080368
0.001866829115897417
0.0029790555126965046
0.0033701376523822546
0.008850229904055595
0.0031388909555971622
0.002129667904227972
0.006747900508344173
0.0017320150509476662
0.0017614052630960941
0.0043941945768892765
0.004199008923023939
0.003575979731976986
0.005057337693870068
0.0033334647305309772
0.006946807261556387
0.0042429822497069836
0.00296570360660553
0.00264723040163517
0.003928205464035273
0.0014430746668949723
0.0044043660163879395
0.0020441082306206226
0.00432070717215538
0.009634406305849552
0.004117573145776987
0.0011799703352153301
0.004077658988535404
0.001624702475965023
0.005409978795796633
0.005547288339585066
0.0034897432196885347
0.00863962434232235
0.0031987144611775875
0.0030585413333028555
0.0042748707346618176
0.0033678628969937563
0.0006318400846794248
0.002933865413069725
0.005139879882335663
0.0007144249975681305
0.006341959815472364
0.002617303282022476
0.005101665388792753
0.0061350418254733086
0.0020691994577646255
0.004079322796314955
0.0005138870910741389
0.002341550774872303
0.0035199495032429695
0.0024650637060403824
0.0018953196704387665
0.007911871187388897
0.00137335155159235
0.00202516233548522
0.005387463141232729
0.002133469795808196
0.0022646612487733364
0.003615360241383314
0.004020140040665865
0.0024933977983891964
0.0006799540715292096
0.006223378237336874
0.005177123472094536
0.00230959290638566
0.0070668174885213375
0.007366396952420473
0.005206594709306955
0.004684251267462969
0.0017182627925649285
0.00216655689291656
0.0042044329456985
0.0030831287149339914
0.0027332953177392483
0.002323416993021965
0.0011533134384080768
0.004576428327709436
0.0073349797166883945
0.004503501113504171
0.0008394684991799295
0.000493545550853014
0.00374755566008389
0.00337969115935266
0.003326741047203541
0.0028898967429995537
0.006681673228740692
0.0029401492793112993
0.003137230407446623
0.004191061481833458
0.0021695641335099936
0.0025643438566476107
0.004651833791285753
0.0019264797447249293
0.0013497807085514069
0.005267683882266283
0.004963334649801254
0.003790496615692973
0.0025300898123532534
0.0007007265812717378
0.004786215722560883
0.007301125675439835
0.004478915594518185
0.004299790132790804
0.003726384835317731
0.0009269745787605643
0.0053905160166323185
0.009535218589007854
0.0013292212970554829
0.006580468732863665
0.00250703445635736
0.005236977245658636
0.002033852506428957
0.002312783617526293
0.0054560499265789986
0.0040580229833722115
0.0063546039164066315
0.006852725520730019
0.002336641773581505
0.0035663857124745846
0.0016503098886460066
0.0024502964224666357
0.0061036646366119385
0.005139505956321955
0.004054589197039604
0.005960584618151188
0.004278198350220919
0.005229565314948559
0.0045500509440898895
