3.9473684210526314
4.473684210526316
6.842105263157895
7.631578947368421
9.473684210526315
10.789473684210526
15.263157894736842
24.210526315789473
32.63157894736842
32.89473684210526
41.31578947368421
46.578947368421055
47.36842105263158
50.526315789473685
51.578947368421055
49.473684210526315
67.63157894736842
59.73684210526316
55.78947368421053
63.1578947368421
71.3157894736842
60.78947368421053
58.94736842105263
71.05263157894737
53.94736842105263
62.36842105263158
73.6842105263158
76.3157894736842
56.8421052631579
76.84210526315789
71.84210526315789
77.36842105263158
71.3157894736842
75.78947368421052
72.89473684210526
71.05263157894737
77.63157894736842
74.47368421052632
88.6842105263158
79.47368421052632
73.15789473684211
72.89473684210526
57.63157894736842
75.52631578947368
78.42105263157895
82.89473684210526
80.26315789473684
77.36842105263158
81.84210526315789
76.84210526315789
86.3157894736842
83.15789473684211
88.6842105263158
75.52631578947368
83.6842105263158
81.3157894736842
72.63157894736842
77.63157894736842
80.52631578947368
86.57894736842105
81.3157894736842
86.3157894736842
90.52631578947368
71.57894736842105
78.94736842105263
92.89473684210526
90.0
70.52631578947368
93.94736842105263
87.10526315789474
92.89473684210526
82.63157894736842
78.42105263157895
74.73684210526316
81.84210526315789
83.42105263157895
80.0
85.0
84.47368421052632
86.84210526315789
82.10526315789474
76.57894736842105
88.6842105263158
85.52631578947368
88.42105263157895
81.3157894736842
84.73684210526316
80.78947368421052
85.52631578947368
87.89473684210526
89.73684210526316
84.21052631578948
85.26315789473684
77.63157894736842
91.05263157894737
85.26315789473684
89.47368421052632
78.94736842105263
94.73684210526316
89.21052631578948
76.57894736842105
83.42105263157895
92.63157894736842
78.94736842105263
81.84210526315789
83.15789473684211
82.36842105263158
78.15789473684211
91.05263157894737
84.47368421052632
97.63157894736842
85.0
87.63157894736842
83.42105263157895
77.10526315789474
81.57894736842105
87.89473684210526
92.89473684210526
81.05263157894737
83.15789473684211
89.73684210526316
86.05263157894737
84.47368421052632
88.42105263157895
81.57894736842105
82.10526315789474
82.36842105263158
90.26315789473684
82.89473684210526
82.36842105263158
92.10526315789474
88.94736842105263
88.6842105263158
86.3157894736842
81.84210526315789
82.63157894736842
88.15789473684211
96.84210526315789
96.57894736842105
93.15789473684211
89.73684210526316
85.0
89.73684210526316
93.94736842105263
87.10526315789474
86.84210526315789
90.78947368421052
93.42105263157895
94.73684210526316
81.3157894736842
79.73684210526316
88.6842105263158
84.73684210526316
81.84210526315789
90.26315789473684
95.78947368421052
90.52631578947368
94.21052631578948
88.94736842105263
90.26315789473684
80.78947368421052
99.73684210526316
84.47368421052632
85.26315789473684
97.89473684210526
86.84210526315789
92.10526315789474
90.0
91.57894736842105
94.21052631578948
91.05263157894737
93.94736842105263
84.21052631578948
91.3157894736842
90.0
93.94736842105263
91.05263157894737
87.36842105263158
82.63157894736842
79.47368421052632
90.0
98.42105263157895
98.94736842105263
86.05263157894737
90.0
91.3157894736842
90.78947368421052
99.21052631578948
94.73684210526316
95.0
85.0
92.89473684210526
86.3157894736842
86.57894736842105
96.05263157894737
95.0
91.84210526315789
94.73684210526316
98.15789473684211
97.36842105263158
92.36842105263158
86.84210526315789
93.42105263157895
92.63157894736842
90.52631578947368
97.10526315789474
91.57894736842105
88.6842105263158
95.78947368421052
96.57894736842105
96.84210526315789
87.36842105263158
98.42105263157895
96.57894736842105
76.3157894736842
91.3157894736842
89.47368421052632
90.26315789473684
85.78947368421052
91.3157894736842
91.57894736842105
97.10526315789474
87.89473684210526
92.10526315789474
99.73684210526316
94.47368421052632
96.84210526315789
97.89473684210526
91.3157894736842
93.15789473684211
89.21052631578948
93.42105263157895
91.3157894736842
96.84210526315789
86.05263157894737
96.57894736842105
92.63157894736842
87.63157894736842
87.63157894736842
92.63157894736842
92.10526315789474
86.3157894736842
90.26315789473684
97.36842105263158
97.10526315789474
88.94736842105263
86.3157894736842
93.15789473684211
90.78947368421052
95.52631578947368
86.84210526315789
93.94736842105263
92.63157894736842
92.63157894736842
95.52631578947368
99.21052631578948
96.3157894736842
97.36842105263158
95.78947368421052
94.21052631578948
96.84210526315789
92.89473684210526
94.21052631578948
98.42105263157895
93.94736842105263
87.89473684210526
95.52631578947368
92.89473684210526
99.21052631578948
99.21052631578948
83.6842105263158
95.0
92.89473684210526
92.10526315789474
87.63157894736842
95.26315789473684
95.78947368421052
90.0
95.0
96.3157894736842
96.05263157894737
94.73684210526316
97.36842105263158
97.89473684210526
91.3157894736842
95.52631578947368
97.36842105263158
92.63157894736842
93.42105263157895
91.3157894736842
97.36842105263158
97.10526315789474
98.15789473684211
98.42105263157895
86.57894736842105
100.0
93.42105263157895
96.05263157894737
97.89473684210526
96.57894736842105
97.10526315789474
97.36842105263158
99.21052631578948
95.26315789473684
100.0
91.84210526315789
96.05263157894737
90.0
97.10526315789474
94.47368421052632
90.0
96.84210526315789
93.42105263157895
92.10526315789474
90.26315789473684
96.05263157894737
90.52631578947368
96.57894736842105
93.42105263157895
93.15789473684211
93.6842105263158
98.94736842105263
97.36842105263158
96.05263157894737
97.36842105263158
99.47368421052632
100.0
99.47368421052632
99.47368421052632
98.15789473684211
94.47368421052632
93.94736842105263
98.42105263157895
92.36842105263158
95.52631578947368
93.6842105263158
92.89473684210526
96.84210526315789
95.52631578947368
94.73684210526316
97.63157894736842
91.05263157894737
97.89473684210526
91.3157894736842
92.89473684210526
95.0
98.94736842105263
99.47368421052632
97.89473684210526
93.94736842105263
93.15789473684211
90.0
99.21052631578948
93.15789473684211
99.47368421052632
95.0
95.26315789473684
97.89473684210526
98.15789473684211
92.36842105263158
92.89473684210526
95.0
96.84210526315789
92.89473684210526
97.10526315789474
95.52631578947368
91.05263157894737
93.42105263157895
96.57894736842105
97.89473684210526
98.6842105263158
92.63157894736842
97.63157894736842
99.73684210526316
98.6842105263158
98.94736842105263
91.3157894736842
99.21052631578948
98.42105263157895
93.15789473684211
98.94736842105263
99.73684210526316
93.94736842105263
97.10526315789474
97.89473684210526
94.21052631578948
98.42105263157895
94.21052631578948
95.78947368421052
96.57894736842105
98.6842105263158
97.36842105263158
98.6842105263158
96.3157894736842
99.73684210526316
93.6842105263158
88.6842105263158
96.84210526315789
99.47368421052632
97.89473684210526
99.47368421052632
96.57894736842105
95.26315789473684
96.57894736842105
90.0
98.15789473684211
99.47368421052632
95.26315789473684
98.6842105263158
100.0
98.6842105263158
97.10526315789474
100.0
94.21052631578948
97.63157894736842
94.21052631578948
91.57894736842105
97.89473684210526
97.10526315789474
100.0
98.94736842105263
97.10526315789474
97.10526315789474
99.47368421052632
90.52631578947368
99.21052631578948
99.47368421052632
93.94736842105263
99.21052631578948
98.15789473684211
96.57894736842105
97.10526315789474
98.6842105263158
99.73684210526316
93.42105263157895
95.0
98.15789473684211
90.52631578947368
92.10526315789474
94.47368421052632
96.3157894736842
98.94736842105263
96.84210526315789
96.3157894736842
97.89473684210526
98.6842105263158
97.89473684210526
100.0
97.10526315789474
96.84210526315789
96.84210526315789
99.73684210526316
100.0
97.10526315789474
97.36842105263158
98.94736842105263
97.89473684210526
94.47368421052632
98.42105263157895
98.6842105263158
96.3157894736842
99.47368421052632
97.36842105263158
95.78947368421052
98.94736842105263
99.47368421052632
94.21052631578948
94.47368421052632
97.63157894736842
98.94736842105263
99.47368421052632
96.05263157894737
95.0
95.26315789473684
96.3157894736842
97.63157894736842
99.73684210526316
94.73684210526316
90.52631578947368
99.47368421052632
94.47368421052632
99.47368421052632
93.15789473684211
98.94736842105263
99.47368421052632
95.0
96.84210526315789
94.21052631578948
94.73684210526316
98.42105263157895
95.78947368421052
99.73684210526316
97.63157894736842
92.63157894736842
94.21052631578948
95.52631578947368
92.89473684210526
96.84210526315789
93.6842105263158
97.63157894736842
