36.8421052631579
35.78947368421053
35.78947368421053
67.36842105263158
64.21052631578948
70.52631578947368
78.94736842105263
69.47368421052632
98.94736842105263
75.78947368421052
83.15789473684211
89.47368421052632
55.78947368421053
66.3157894736842
81.05263157894737
75.78947368421052
82.10526315789474
88.42105263157895
60.0
78.94736842105263
97.89473684210526
96.84210526315789
81.05263157894737
74.73684210526316
84.21052631578948
77.89473684210526
91.57894736842105
83.15789473684211
82.10526315789474
83.15789473684211
87.36842105263158
68.42105263157895
97.89473684210526
87.36842105263158
86.3157894736842
91.57894736842105
75.78947368421052
97.89473684210526
81.05263157894737
67.36842105263158
77.89473684210526
85.26315789473684
84.21052631578948
95.78947368421052
94.73684210526316
93.6842105263158
96.84210526315789
100.0
100.0
83.15789473684211
64.21052631578948
71.57894736842105
92.63157894736842
94.73684210526316
89.47368421052632
84.21052631578948
95.78947368421052
88.42105263157895
93.6842105263158
83.15789473684211
87.36842105263158
78.94736842105263
98.94736842105263
89.47368421052632
70.52631578947368
86.3157894736842
86.3157894736842
78.94736842105263
83.15789473684211
94.73684210526316
94.73684210526316
85.26315789473684
96.84210526315789
81.05263157894737
88.42105263157895
87.36842105263158
97.89473684210526
84.21052631578948
94.73684210526316
89.47368421052632
77.89473684210526
87.36842105263158
90.52631578947368
90.52631578947368
83.15789473684211
86.3157894736842
98.94736842105263
91.57894736842105
84.21052631578948
93.6842105263158
90.52631578947368
86.3157894736842
70.52631578947368
100.0
98.94736842105263
98.94736842105263
63.1578947368421
92.63157894736842
84.21052631578948
93.6842105263158
100.0
84.21052631578948
100.0
89.47368421052632
86.3157894736842
100.0
84.21052631578948
90.52631578947368
90.52631578947368
100.0
100.0
89.47368421052632
100.0
100.0
91.57894736842105
95.78947368421052
89.47368421052632
92.63157894736842
92.63157894736842
95.78947368421052
92.63157894736842
100.0
93.6842105263158
97.89473684210526
97.89473684210526
98.94736842105263
83.15789473684211
98.94736842105263
97.89473684210526
96.84210526315789
89.47368421052632
88.42105263157895
82.10526315789474
94.73684210526316
97.89473684210526
97.89473684210526
97.89473684210526
85.26315789473684
90.52631578947368
97.89473684210526
89.47368421052632
73.6842105263158
100.0
67.36842105263158
98.94736842105263
80.0
98.94736842105263
93.6842105263158
91.57894736842105
96.84210526315789
96.84210526315789
72.63157894736842
87.36842105263158
100.0
68.42105263157895
89.47368421052632
96.84210526315789
87.36842105263158
98.94736842105263
98.94736842105263
80.0
88.42105263157895
92.63157894736842
90.52631578947368
97.89473684210526
98.94736842105263
94.73684210526316
100.0
100.0
90.52631578947368
94.73684210526316
94.73684210526316
98.94736842105263
85.26315789473684
100.0
96.84210526315789
97.89473684210526
100.0
88.42105263157895
95.78947368421052
100.0
96.84210526315789
98.94736842105263
95.78947368421052
100.0
85.26315789473684
90.52631578947368
100.0
88.42105263157895
100.0
100.0
100.0
97.89473684210526
85.26315789473684
97.89473684210526
96.84210526315789
98.94736842105263
84.21052631578948
100.0
100.0
100.0
98.94736842105263
94.73684210526316
98.94736842105263
97.89473684210526
97.89473684210526
89.47368421052632
93.6842105263158
94.73684210526316
86.3157894736842
95.78947368421052
100.0
87.36842105263158
78.94736842105263
95.78947368421052
100.0
73.6842105263158
100.0
100.0
98.94736842105263
97.89473684210526
100.0
100.0
83.15789473684211
82.10526315789474
83.15789473684211
100.0
95.78947368421052
88.42105263157895
100.0
97.89473684210526
76.84210526315789
98.94736842105263
100.0
94.73684210526316
100.0
93.6842105263158
73.6842105263158
100.0
100.0
98.94736842105263
96.84210526315789
100.0
97.89473684210526
87.36842105263158
87.36842105263158
94.73684210526316
97.89473684210526
93.6842105263158
90.52631578947368
98.94736842105263
97.89473684210526
94.73684210526316
97.89473684210526
74.73684210526316
100.0
100.0
100.0
100.0
87.36842105263158
98.94736842105263
100.0
100.0
100.0
94.73684210526316
94.73684210526316
89.47368421052632
100.0
98.94736842105263
97.89473684210526
84.21052631578948
63.1578947368421
88.42105263157895
100.0
97.89473684210526
98.94736842105263
100.0
96.84210526315789
98.94736842105263
81.05263157894737
100.0
98.94736842105263
97.89473684210526
96.84210526315789
98.94736842105263
100.0
96.84210526315789
97.89473684210526
100.0
97.89473684210526
97.89473684210526
100.0
90.52631578947368
75.78947368421052
80.0
98.94736842105263
85.26315789473684
92.63157894736842
80.0
98.94736842105263
100.0
85.26315789473684
100.0
100.0
94.73684210526316
96.84210526315789
100.0
98.94736842105263
93.6842105263158
98.94736842105263
95.78947368421052
89.47368421052632
94.73684210526316
100.0
100.0
100.0
90.52631578947368
91.57894736842105
98.94736842105263
90.52631578947368
100.0
83.15789473684211
100.0
100.0
82.10526315789474
82.10526315789474
76.84210526315789
100.0
100.0
95.78947368421052
100.0
90.52631578947368
98.94736842105263
100.0
100.0
98.94736842105263
98.94736842105263
100.0
98.94736842105263
97.89473684210526
100.0
90.52631578947368
100.0
93.6842105263158
100.0
100.0
97.89473684210526
91.57894736842105
100.0
74.73684210526316
84.21052631578948
92.63157894736842
83.15789473684211
63.1578947368421
84.21052631578948
94.73684210526316
95.78947368421052
96.84210526315789
89.47368421052632
100.0
100.0
100.0
95.78947368421052
82.10526315789474
100.0
100.0
100.0
98.94736842105263
74.73684210526316
100.0
98.94736842105263
100.0
96.84210526315789
80.0
81.05263157894737
98.94736842105263
100.0
100.0
100.0
100.0
100.0
89.47368421052632
100.0
100.0
100.0
100.0
100.0
96.84210526315789
90.52631578947368
100.0
100.0
95.78947368421052
100.0
100.0
100.0
87.36842105263158
78.94736842105263
100.0
82.10526315789474
98.94736842105263
89.47368421052632
96.84210526315789
98.94736842105263
100.0
100.0
98.94736842105263
98.94736842105263
91.57894736842105
94.73684210526316
86.3157894736842
71.57894736842105
100.0
98.94736842105263
100.0
100.0
74.73684210526316
100.0
100.0
95.78947368421052
100.0
100.0
100.0
92.63157894736842
100.0
97.89473684210526
100.0
96.84210526315789
100.0
94.73684210526316
98.94736842105263
100.0
100.0
100.0
100.0
100.0
100.0
87.36842105263158
96.84210526315789
100.0
91.57894736842105
89.47368421052632
100.0
84.21052631578948
95.78947368421052
96.84210526315789
100.0
100.0
100.0
100.0
100.0
85.26315789473684
95.78947368421052
100.0
100.0
100.0
100.0
65.26315789473684
100.0
100.0
97.89473684210526
96.84210526315789
95.78947368421052
98.94736842105263
98.94736842105263
73.6842105263158
97.89473684210526
100.0
98.94736842105263
98.94736842105263
100.0
100.0
100.0
80.0
100.0
100.0
100.0
100.0
83.15789473684211
83.15789473684211
95.78947368421052
96.84210526315789
98.94736842105263
81.05263157894737
100.0
100.0
100.0
82.10526315789474
100.0
98.94736842105263
91.57894736842105
100.0
97.89473684210526
89.47368421052632
98.94736842105263
98.94736842105263
100.0
84.21052631578948
100.0
73.6842105263158
91.57894736842105
