0.2630198001861572
0.15359190106391907
0.12729512155056
0.1109800934791565
0.10404914617538452
0.09861836582422256
0.08148810267448425
0.09779191762208939
0.046976763755083084
0.08364415168762207
0.06416328251361847
0.04892043024301529
0.12030193209648132
0.10650261491537094
0.06910355389118195
0.08257986605167389
0.06025856360793114
0.055627789348363876
0.11086013913154602
0.07565797120332718
0.043430548161268234
0.05057530850172043
0.06326182186603546
0.0750526413321495
0.06742972880601883
0.07089673727750778
0.053075581789016724
0.06486999243497849
0.061957359313964844
0.06521562486886978
0.059859395027160645
0.11106428503990173
0.042992375791072845
0.068363256752491
0.08434716612100601
0.04548748582601547
0.06150393933057785
0.03334193676710129
0.058506909757852554
0.10417778789997101
0.07116784900426865
0.05620447173714638
0.06906818598508835
0.03453277423977852
0.04059242829680443
0.08025852590799332
0.02341138757765293
0.026381297037005424
0.015962079167366028
0.07768327742815018
0.1149827316403389
0.09378038346767426
0.03908969834446907
0.03558667376637459
0.05360076203942299
0.06226249039173126
0.029230602085590363
0.05848996713757515
0.04085138067603111
0.07872733473777771
0.056374043226242065
0.08070921897888184
0.018162686377763748
0.055661410093307495
0.088515505194664
0.07175925374031067
0.05053882673382759
0.06966367363929749
0.055375490337610245
0.0442679226398468
0.039424724876880646
0.05637151375412941
0.030950283631682396
0.06237589567899704
0.07220271229743958
0.07731827348470688
0.03802522271871567
0.05155513435602188
0.033936306834220886
0.06062481179833412
0.06332024186849594
0.042394302785396576
0.052136652171611786
0.049398694187402725
0.05270019918680191
0.062007077038288116
0.019664691761136055
0.02989044412970543
0.05335954204201698
0.036414336413145065
0.03568899631500244
0.055296123027801514
0.06320695579051971
0.01575581729412079
0.012287970632314682
0.02498524636030197
0.09790299832820892
0.040179330855607986
0.037176623940467834
0.04434003680944443
0.022616680711507797
0.07220529019832611
0.02973339520394802
0.045838214457035065
0.06001017987728119
0.014186442829668522
0.06905865669250488
0.03290000557899475
0.0445028655230999
0.008745850063860416
0.015647852793335915
0.056914668530225754
0.008677939884364605
0.008220009505748749
0.038278594613075256
0.02918332815170288
0.03615938127040863
0.05915813148021698
0.03699645772576332
0.04172385483980179
0.03437862917780876
0.007072006817907095
0.022869734093546867
0.01573418453335762
0.02316310815513134
0.009355295449495316
0.06277576833963394
0.00850705523043871
0.02330528199672699
0.03935464099049568
0.04515308886766434
0.05599856749176979
0.05727585032582283
0.030825290828943253
0.01653905026614666
0.015801899135112762
0.023620063439011574
0.044084783643484116
0.03673458471894264
0.016000894829630852
0.039476051926612854
0.08294617384672165
0.005748343653976917
0.09715723246335983
0.024049492552876472
0.06543129682540894
0.032371293753385544
0.05106499791145325
0.03937486931681633
0.015419479459524155
0.05193525552749634
0.10128181427717209
0.08007648587226868
0.013415767811238766
0.09389079362154007
0.04192107915878296
0.02687116339802742
0.03947091102600098
0.02276451140642166
0.013880901969969273
0.05876912549138069
0.04459574446082115
0.04473891481757164
0.04381345957517624
0.014070813544094563
0.00837662536650896
0.029727794229984283
0.004850409924983978
0.004645130597054958
0.04394938051700592
0.03987133502960205
0.03248418867588043
0.006650404538959265
0.044778112322092056
0.01258312352001667
0.015527710318565369
0.0187754537910223
0.005405086558312178
0.03893866762518883
0.03161225467920303
0.035137902945280075
0.028454679995775223
0.010857011191546917
0.02192751318216324
0.005947600584477186
0.04334601014852524
0.03277517110109329
0.00685173599049449
0.047051332890987396
0.008892010897397995
0.0018452407093718648
0.012020273134112358
0.019745586439967155
0.04993544891476631
0.028074484318494797
0.012825467623770237
0.0073769669979810715
0.03710956126451492
0.008100814186036587
0.003156505525112152
0.007070392370223999
0.008201723918318748
0.03368513286113739
0.0053222524002194405
0.03883518651127815
0.014465167187154293
0.029675086960196495
0.024064723402261734
0.022192249074578285
0.05219576135277748
0.016660552471876144
0.006170492619276047
0.06052969768643379
0.11471812427043915
0.036148253828287125
0.013362737372517586
0.07562866061925888
0.007783930748701096
0.00672930246219039
0.019030237570405006
0.02008790522813797
0.007488822564482689
0.0034510332625359297
0.04577280580997467
0.046256788074970245
0.0538172647356987
0.002948923036456108
0.03908957168459892
0.03954020515084267
0.031117726117372513
0.012778062373399734
0.07510009407997131
0.01645440235733986
0.009742670692503452
0.02851966768503189
0.002001452026888728
0.02586805447936058
0.06476301699876785
0.0020887095015496016
0.009985022246837616
0.023425739258527756
0.01251575630158186
0.013652925379574299
0.021185772493481636
0.06640762835741043
0.03906046226620674
0.018170185387134552
0.026230523362755775
0.03958319127559662
0.03613390401005745
0.0168943852186203
0.017688577994704247
0.043546490371227264
0.011225742287933826
0.05731041729450226
0.007417361252009869
0.003360290778800845
0.029584212228655815
0.003447616705670953
0.0439726896584034
0.026495927944779396
0.011334206908941269
0.0020368110854178667
0.005097115878015757
0.015128141269087791
0.02165369503200054
0.048186007887125015
0.0014621710870414972
0.0053137484937906265
0.009778616949915886
0.06892390549182892
0.1063016876578331
0.05167699605226517
0.0035950082819908857
0.012659039348363876
0.013843546621501446
0.0019095712341368198
0.024949640035629272
0.013082199729979038
0.04403669387102127
0.0032576508820056915
0.025783980265259743
0.02667398191988468
0.029478898271918297
0.011421221308410168
0.006569213699549437
0.029121626168489456
0.011879414319992065
0.013477985747158527
0.019395217299461365
0.022918712347745895
0.0024523672182112932
0.04352622479200363
0.09937734156847
0.05388108640909195
0.011780467815697193
0.060127273201942444
0.0568646639585495
0.09111127257347107
0.011898182332515717
0.026486100628972054
0.0767657607793808
0.0038356431759893894
0.014464274980127811
0.029452089220285416
0.06589344143867493
0.002154611749574542
0.011050156317651272
0.032474417239427567
0.008597108535468578
0.027177579700946808
0.028848355636000633
0.019658608362078667
0.0014705411158502102
0.008090460672974586
0.002450545784085989
0.03937346860766411
0.03726870194077492
0.005533446092158556
0.07250425219535828
0.00609099306166172
0.05127011612057686
0.005642199423164129
0.0026896384079009295
0.05891161784529686
0.046247515827417374
0.06809265166521072
0.0027310263831168413
0.0020934799686074257
0.04562505707144737
0.001399151049554348
0.0541343092918396
0.009857479482889175
0.0018669333076104522
0.005807957611978054
0.00498652458190918
0.013489428907632828
0.004906171001493931
0.015776950865983963
0.02850617840886116
0.0013918607728555799
0.055407389998435974
0.0016769239446148276
0.04774058237671852
0.029697207733988762
0.002097772667184472
0.009478604421019554
0.029315518215298653
0.0043060751631855965
0.08640129864215851
0.04939673840999603
0.03162887692451477
0.05844992771744728
0.08681090921163559
0.08844326436519623
0.017645109444856644
0.03512590005993843
0.01068058144301176
0.030469214543700218
0.004398788325488567
0.011598046869039536
0.0031222570687532425
0.017887750640511513
0.06635790318250656
0.0053388383239507675
0.00667232321575284
0.003423654707148671
0.006961756851524115
0.05326375737786293
0.008862663991749287
0.018129462376236916
0.0015578026650473475
0.024953976273536682
0.0810358077287674
0.05679771676659584
0.005321451462805271
0.003939012065529823
0.015899118036031723
0.004696998279541731
0.0013219303218647838
0.0028674863278865814
0.04599307104945183
0.002441519172862172
0.011584743857383728
0.001381788868457079
0.0038962282706052065
0.007505022920668125
0.04451584070920944
0.029888197779655457
0.001790840644389391
0.0011294597061350942
0.01258148904889822
0.0021208084654062986
0.009722291491925716
0.007123028393834829
0.054731335490942
0.04728373885154724
0.002702119993045926
0.05701317638158798
0.01102003175765276
0.048118628561496735
0.026765557006001472
0.015562825836241245
0.0016573385801166296
0.0055047255009412766
0.006450554355978966
0.019564082846045494
0.04229043051600456
0.03703616186976433
0.05395212769508362
0.08614398539066315
0.0013059061020612717
0.011785690672695637
0.013297674246132374
0.0023450450971722603
0.07161916792392731
0.002837288426235318
0.008033474907279015
0.02410469762980938
0.0048341574147343636
0.0033730485010892153
0.0019640654791146517
0.05319221690297127
0.005476769991219044
0.03552732989192009
0.008851896040141582
0.011402038857340813
0.0092614172026515
0.01999014988541603
0.01516871340572834
0.005418470129370689
0.004612799268215895
0.007815919816493988
0.0014625235926359892
0.008618911728262901
0.009655818343162537
0.05198178440332413
0.017259450629353523
0.003380465554073453
0.02587146870791912
0.06380191445350647
0.0050085908733308315
0.05206543579697609
0.023493435233831406
0.0201212540268898
0.0017085327999666333
0.003726731287315488
0.002596724545583129
0.0010603218106552958
0.0015777023509144783
0.04835297167301178
0.030696747824549675
0.006180299445986748
0.004093659110367298
0.008550201542675495
0.0011072000488638878
0.1083005741238594
0.0016397385625168681
0.007289986591786146
0.015343247912824154
0.019993068650364876
0.03160296380519867
0.02541317231953144
0.028381189331412315
0.0878785103559494
0.016538599506020546
0.012498090043663979
0.006899653468281031
0.005276456940919161
0.018709398806095123
0.006189317442476749
0.004471487365663052
0.047959648072719574
0.0060107349418103695
0.006909907795488834
0.0020154647063463926
0.0028818880673497915
0.06540559977293015
0.0530933141708374
0.041803956031799316
0.01645064540207386
0.013278646394610405
0.05580859258770943
0.0012969584204256535
0.008118218742311
0.018303148448467255
0.06014173477888107
0.00485569192096591
0.008716795593500137
0.02479216456413269
0.0020314627327024937
0.007390347309410572
0.031046796590089798
0.010075492784380913
0.023803694173693657
0.011138305068016052
0.08764029294252396
0.005686786491423845
0.0871489942073822
0.057090114802122116
