5.2631578947368425
6.315789473684211
7.631578947368421
26.05263157894737
45.526315789473685
40.78947368421053
50.0
55.0
58.68421052631579
55.0
67.63157894736842
48.68421052631579
71.05263157894737
80.0
65.0
67.63157894736842
67.89473684210526
73.42105263157895
80.0
72.89473684210526
83.94736842105263
73.6842105263158
65.26315789473684
84.21052631578948
72.10526315789474
67.89473684210526
76.57894736842105
77.63157894736842
84.47368421052632
78.42105263157895
86.57894736842105
85.26315789473684
80.78947368421052
80.0
83.42105263157895
71.57894736842105
90.26315789473684
72.10526315789474
89.73684210526316
89.21052631578948
83.42105263157895
80.0
85.52631578947368
78.15789473684211
75.78947368421052
73.94736842105263
88.42105263157895
73.6842105263158
81.3157894736842
87.36842105263158
75.0
84.21052631578948
91.05263157894737
82.10526315789474
87.10526315789474
77.89473684210526
86.3157894736842
84.21052631578948
85.26315789473684
88.15789473684211
83.94736842105263
77.89473684210526
84.73684210526316
82.10526315789474
70.78947368421052
76.84210526315789
80.52631578947368
91.3157894736842
92.89473684210526
76.57894736842105
90.52631578947368
84.73684210526316
90.52631578947368
92.10526315789474
82.10526315789474
83.6842105263158
90.52631578947368
73.42105263157895
84.21052631578948
86.05263157894737
89.73684210526316
84.21052631578948
86.84210526315789
88.42105263157895
83.42105263157895
90.26315789473684
93.42105263157895
93.94736842105263
87.89473684210526
95.78947368421052
84.73684210526316
88.42105263157895
93.94736842105263
86.84210526315789
82.10526315789474
78.42105263157895
86.84210526315789
95.0
84.47368421052632
91.05263157894737
95.0
97.89473684210526
92.36842105263158
82.36842105263158
82.10526315789474
91.3157894736842
90.26315789473684
89.21052631578948
86.57894736842105
83.42105263157895
94.73684210526316
84.47368421052632
88.42105263157895
90.52631578947368
86.05263157894737
82.63157894736842
96.84210526315789
94.47368421052632
93.15789473684211
92.36842105263158
93.15789473684211
91.05263157894737
85.26315789473684
84.21052631578948
92.10526315789474
91.05263157894737
86.57894736842105
96.3157894736842
82.63157894736842
83.6842105263158
91.84210526315789
83.6842105263158
93.94736842105263
87.36842105263158
89.21052631578948
96.05263157894737
90.0
86.05263157894737
85.52631578947368
98.94736842105263
90.52631578947368
93.94736842105263
89.47368421052632
93.6842105263158
91.57894736842105
97.89473684210526
89.21052631578948
90.52631578947368
93.6842105263158
89.73684210526316
83.94736842105263
91.05263157894737
86.05263157894737
84.47368421052632
78.15789473684211
90.26315789473684
89.47368421052632
85.26315789473684
86.57894736842105
89.21052631578948
93.15789473684211
94.73684210526316
82.89473684210526
88.15789473684211
91.3157894736842
95.0
96.84210526315789
97.63157894736842
82.89473684210526
89.21052631578948
97.89473684210526
94.47368421052632
88.15789473684211
91.57894736842105
93.6842105263158
88.15789473684211
89.21052631578948
95.52631578947368
95.52631578947368
94.21052631578948
92.89473684210526
92.10526315789474
85.0
94.21052631578948
86.84210526315789
93.6842105263158
97.10526315789474
90.78947368421052
95.52631578947368
93.42105263157895
83.15789473684211
91.05263157894737
91.57894736842105
94.73684210526316
90.0
98.6842105263158
91.05263157894737
93.6842105263158
96.84210526315789
87.89473684210526
95.78947368421052
91.57894736842105
92.89473684210526
95.26315789473684
90.52631578947368
85.52631578947368
93.6842105263158
95.0
96.3157894736842
80.78947368421052
85.26315789473684
89.21052631578948
94.21052631578948
91.05263157894737
96.84210526315789
89.73684210526316
91.84210526315789
91.84210526315789
96.3157894736842
98.6842105263158
92.36842105263158
94.47368421052632
94.47368421052632
99.21052631578948
91.05263157894737
91.3157894736842
93.94736842105263
95.78947368421052
100.0
92.36842105263158
96.05263157894737
95.52631578947368
96.57894736842105
87.36842105263158
94.47368421052632
96.57894736842105
90.26315789473684
98.15789473684211
93.6842105263158
93.94736842105263
99.47368421052632
93.15789473684211
92.36842105263158
95.52631578947368
91.84210526315789
95.26315789473684
87.10526315789474
95.78947368421052
92.63157894736842
96.05263157894737
79.21052631578948
92.63157894736842
97.36842105263158
97.89473684210526
88.15789473684211
94.73684210526316
100.0
92.63157894736842
96.57894736842105
96.05263157894737
88.15789473684211
93.15789473684211
96.3157894736842
96.3157894736842
99.21052631578948
93.94736842105263
98.94736842105263
97.63157894736842
92.36842105263158
87.36842105263158
92.10526315789474
93.94736842105263
88.15789473684211
91.84210526315789
97.89473684210526
98.15789473684211
96.3157894736842
96.57894736842105
92.89473684210526
95.52631578947368
98.6842105263158
90.52631578947368
92.36842105263158
91.84210526315789
96.84210526315789
93.42105263157895
99.73684210526316
93.94736842105263
99.73684210526316
87.89473684210526
95.0
99.73684210526316
95.52631578947368
99.73684210526316
86.3157894736842
98.15789473684211
92.36842105263158
92.89473684210526
87.36842105263158
100.0
93.15789473684211
95.52631578947368
98.15789473684211
93.42105263157895
95.52631578947368
95.52631578947368
95.0
97.10526315789474
96.84210526315789
94.21052631578948
90.78947368421052
96.57894736842105
99.73684210526316
95.78947368421052
93.42105263157895
92.36842105263158
99.73684210526316
98.6842105263158
99.47368421052632
93.94736842105263
86.3157894736842
99.47368421052632
97.89473684210526
98.42105263157895
97.10526315789474
96.05263157894737
96.84210526315789
95.0
100.0
91.3157894736842
97.89473684210526
86.3157894736842
98.6842105263158
93.15789473684211
92.89473684210526
90.0
98.15789473684211
91.05263157894737
93.42105263157895
88.42105263157895
100.0
96.57894736842105
99.73684210526316
92.63157894736842
87.10526315789474
94.21052631578948
87.10526315789474
98.42105263157895
99.73684210526316
94.47368421052632
98.6842105263158
98.42105263157895
96.57894736842105
98.42105263157895
98.42105263157895
95.52631578947368
91.05263157894737
99.47368421052632
97.63157894736842
97.36842105263158
100.0
87.10526315789474
97.10526315789474
91.3157894736842
99.73684210526316
97.36842105263158
96.3157894736842
99.21052631578948
94.47368421052632
97.89473684210526
90.78947368421052
96.84210526315789
90.26315789473684
96.84210526315789
98.15789473684211
99.47368421052632
98.94736842105263
99.21052631578948
98.15789473684211
99.73684210526316
98.94736842105263
100.0
98.94736842105263
98.94736842105263
94.47368421052632
94.47368421052632
99.73684210526316
87.36842105263158
91.57894736842105
97.36842105263158
96.57894736842105
96.84210526315789
95.52631578947368
97.89473684210526
96.57894736842105
99.21052631578948
93.94736842105263
100.0
98.94736842105263
95.26315789473684
98.15789473684211
90.0
99.21052631578948
93.42105263157895
97.10526315789474
96.3157894736842
97.36842105263158
94.73684210526316
95.26315789473684
100.0
93.42105263157895
98.15789473684211
92.36842105263158
98.42105263157895
92.36842105263158
93.15789473684211
93.6842105263158
96.84210526315789
99.73684210526316
90.52631578947368
91.84210526315789
98.94736842105263
95.0
92.89473684210526
97.63157894736842
97.63157894736842
90.52631578947368
98.6842105263158
93.6842105263158
99.73684210526316
99.73684210526316
98.6842105263158
99.73684210526316
98.94736842105263
99.21052631578948
99.73684210526316
98.94736842105263
95.26315789473684
95.78947368421052
99.73684210526316
98.15789473684211
94.73684210526316
98.6842105263158
97.36842105263158
100.0
97.36842105263158
94.21052631578948
93.42105263157895
98.42105263157895
98.15789473684211
99.21052631578948
98.42105263157895
93.94736842105263
96.05263157894737
93.15789473684211
100.0
95.78947368421052
99.73684210526316
93.94736842105263
100.0
91.57894736842105
98.42105263157895
100.0
92.63157894736842
97.63157894736842
93.94736842105263
100.0
93.42105263157895
98.15789473684211
96.05263157894737
94.47368421052632
98.42105263157895
99.73684210526316
94.73684210526316
100.0
100.0
99.73684210526316
99.47368421052632
97.63157894736842
91.3157894736842
98.42105263157895
99.47368421052632
98.42105263157895
93.6842105263158
99.21052631578948
99.21052631578948
99.73684210526316
99.73684210526316
99.73684210526316
96.57894736842105
97.89473684210526
100.0
96.57894736842105
86.57894736842105
97.63157894736842
98.94736842105263
94.21052631578948
97.36842105263158
96.84210526315789
97.63157894736842
