0.28150999546051025
0.047183625400066376
0.04656510800123215
0.04412538930773735
0.04094575345516205
0.040890611708164215
0.03784213215112686
0.03611075133085251
0.03570156916975975
0.03488956391811371
0.03258619084954262
0.032515402883291245
0.029004840180277824
0.024239271879196167
0.029872113838791847
0.028699824586510658
0.028852935880422592
0.025464287027716637
0.024639450013637543
0.027758223935961723
0.02468440867960453
0.030920568853616714
0.027165712788701057
0.019847478717565536
0.024925649166107178
0.0265460554510355
0.02467578649520874
0.021846257150173187
0.019351599738001823
0.022523678839206696
0.01984420232474804
0.016931988298892975
0.02121053822338581
0.018001679331064224
0.01888054423034191
0.024748550727963448
0.012968204915523529
0.023013262078166008
0.017165333032608032
0.01626584492623806
0.020022908225655556
0.019966859370470047
0.02142171747982502
0.021083319559693336
0.02060905285179615
0.02301393635571003
0.01549680344760418
0.022289346903562546
0.02313246764242649
0.013151717372238636
0.020805060863494873
0.015364355407655239
0.012174935080111027
0.017420882359147072
0.013535460457205772
0.01971297338604927
0.01266268827021122
0.01627391390502453
0.015589125454425812
0.014538485556840897
0.017048925161361694
0.019865231588482857
0.015392999164760113
0.017288731411099434
0.023294704034924507
0.0210313331335783
0.01662207581102848
0.012044524773955345
0.008135234005749226
0.019399018958210945
0.010553925298154354
0.014944213442504406
0.011740108020603657
0.009508456103503704
0.015533420257270336
0.012242856435477734
0.010884027928113937
0.025418035686016083
0.012931560166180134
0.012995843775570393
0.017496084794402122
0.01497065182775259
0.011061902157962322
0.015126719139516354
0.016228001564741135
0.011106996797025204
0.00805952399969101
0.009938014671206474
0.013366598635911942
0.00869381707161665
0.012538421899080276
0.013530229218304157
0.009599441662430763
0.01306434441357851
0.016365263611078262
0.01338579785078764
0.011048566550016403
0.006072371266782284
0.012945246882736683
0.010783552192151546
0.006534249056130648
0.004182959441095591
0.007126706652343273
0.016274606809020042
0.014198442921042442
0.009779784828424454
0.008598824962973595
0.008630513213574886
0.01287253387272358
0.01701660454273224
0.004969457164406776
0.016706246882677078
0.013250544667243958
0.008996722288429737
0.010766134597361088
0.020486121997237206
0.006943948101252317
0.00726131210103631
0.006088844034820795
0.007752465549856424
0.010528690181672573
0.010867942124605179
0.014612560160458088
0.012431538663804531
0.0068610128946602345
0.009538201615214348
0.008420122787356377
0.004906460177153349
0.01456829346716404
0.011442524380981922
0.012573990039527416
0.009668922051787376
0.007745532318949699
0.010938608087599277
0.010146516375243664
0.005637360271066427
0.008208496496081352
0.012182170525193214
0.011468042619526386
0.003091141814365983
0.006334454286843538
0.008571287617087364
0.011727957986295223
0.007012208458036184
0.006844758056104183
0.003753459546715021
0.011499905958771706
0.010505584068596363
0.007268090732395649
0.009660941548645496
0.01206851564347744
0.007760545704513788
0.008772199042141438
0.012011402286589146
0.01565145142376423
0.00944720208644867
0.011515834368765354
0.010687082074582577
0.010973785072565079
0.006708551198244095
0.005792105570435524
0.006551400758326054
0.013542638160288334
0.009881699457764626
0.00600589532405138
0.004234386142343283
0.008617708459496498
0.004590464290231466
0.013289589434862137
0.00820501521229744
0.005547607783228159
0.005925656296312809
0.008673049509525299
0.006062783300876617
0.004884486552327871
0.009447273798286915
0.012532693333923817
0.007443619426339865
0.006587168667465448
0.00387283181771636
0.006868967320770025
0.008367886766791344
0.013460321351885796
0.00913948006927967
0.00968123134225607
0.00634867325425148
0.0070115975104272366
0.00766355637460947
0.003987349569797516
0.004922656808048487
0.011490249074995518
0.00913092028349638
0.008315634913742542
0.006032686680555344
0.008217373862862587
0.003716137958690524
0.008199304342269897
0.006256558001041412
0.004010751377791166
0.006976260803639889
0.00661705806851387
0.008129031397402287
0.006964712403714657
0.005554390139877796
0.009555422700941563
0.008752983063459396
0.0057137105613946915
0.005808353889733553
0.0035687757190316916
0.013394500128924847
0.008700665086507797
0.009240761399269104
0.005328786559402943
0.008114379830658436
0.004005829803645611
0.008214181289076805
0.004763017874211073
0.009913628920912743
0.00376517279073596
0.002081193495541811
0.009203486144542694
0.006422980222851038
0.006519701331853867
0.0044123586267232895
0.008093958720564842
0.00821796152740717
0.005716396030038595
0.004649605136364698
0.0008727108361199498
0.005669045727699995
0.004322131630033255
0.0056443954817950726
0.006898651365190744
0.00972520187497139
0.005580194294452667
0.007102989125996828
0.010159993544220924
0.003812089329585433
0.009142751805484295
0.006613445468246937
0.001113944803364575
0.007495426572859287
0.009152155369520187
0.004654208663851023
0.006568090058863163
0.007533745840191841
0.009246001951396465
0.006148272659629583
0.005551233422011137
0.004744823556393385
0.014737287536263466
0.0051527926698327065
0.003676180262118578
0.003247808199375868
0.011098316870629787
0.0036601873580366373
0.0016387280775234103
0.006025525741279125
0.006565966177731752
0.003503653220832348
0.008824422955513
0.00653400644659996
0.004301310051232576
0.003918867092579603
0.0024536356795579195
0.005855954252183437
0.0016634993953630328
0.0033102293964475393
0.00707204919308424
0.01059721689671278
0.005319481715559959
0.007031141314655542
0.009453393518924713
0.007477136794477701
0.0027647693641483784
0.0034529101103544235
0.007306644693017006
0.005400894209742546
0.005245653912425041
0.004780878778547049
0.0020535518415272236
0.0055397083051502705
0.006391491740942001
0.006092162802815437
0.003993290010839701
0.004642029758542776
0.002070123329758644
0.005197376012802124
0.0017470457823947072
0.009193305857479572
0.0033904160372912884
0.0018919793656095862
0.002686826279386878
0.0014791844878345728
0.008689811453223228
0.0017588059417903423
0.006694301031529903
0.007266136817634106
0.009449180215597153
0.0010112753370776772
0.005808881018310785
0.004739257972687483
0.0019623220432549715
0.004625902511179447
0.0042731622233986855
0.006408954504877329
0.005334364715963602
0.0025995480827987194
0.0037106943782418966
0.005351031199097633
0.006506461184471846
0.0031721757259219885
0.0009118036832660437
0.005773172713816166
0.006152125541120768
0.006250440143048763
0.004616563208401203
0.0035987284500151873
0.000730261905118823
0.004055290948599577
0.008825432509183884
0.0009770289761945605
0.0033738049678504467
0.00169550278224051
0.002887147245928645
0.004674728959798813
0.0022845303174108267
0.0035492852330207825
0.0007620384567417204
0.007991479709744453
0.0036815456114709377
0.012653065845370293
0.003585482481867075
0.00930277444422245
0.007507487665861845
0.004835481755435467
0.0027347111608833075
0.006763109937310219
0.00403762049973011
0.01064296904951334
0.0009928079089149833
0.0028279831167310476
0.001037489390000701
0.005541917867958546
0.012653173878788948
0.009823299013078213
0.008944107219576836
0.0017996608512476087
0.001115943188779056
0.004500377923250198
0.0019909909460693598
0.0034458599984645844
0.003486933885142207
0.0015152317937463522
0.0046530840918421745
0.004268250428140163
0.008485028520226479
0.0013443162897601724
0.003994417376816273
0.0031352490186691284
0.0009123720228672028
0.010173053480684757
0.003545414423570037
0.00648070452734828
0.0015587826492264867
0.0015089516527950764
0.004437251016497612
0.002104319864884019
0.004181182011961937
0.0031461066100746393
0.008290780708193779
0.003026974620297551
0.006609871983528137
0.0029356423765420914
0.001926491386257112
0.0015776209766045213
0.0035838456824421883
0.001851443201303482
0.0020034052431583405
0.0017839297652244568
0.0016892625717446208
0.0008583114249631763
0.0032518699299544096
0.0021383746061474085
0.00556845311075449
0.0040353513322770596
0.0013265121961012483
0.008144701831042767
0.006316513288766146
0.004150240682065487
0.002996917348355055
0.003415486076846719
0.004260099958628416
0.0024904876481741667
0.002098143333569169
0.001644135219976306
0.005667978432029486
0.0019647812005132437
0.0021019941195845604
0.006166422739624977
0.002106036990880966
0.00978875532746315
0.0017849529394879937
0.005570128560066223
0.0022349075879901648
0.002883019158616662
0.0020552866626530886
0.003366597229614854
0.003115425817668438
0.0023865888360887766
0.006412729620933533
0.0031646948773413897
0.008519005961716175
0.0029970051255077124
0.006770382635295391
0.00525397015735507
0.005221979226917028
0.0048690601252019405
0.0010703246807679534
0.009055177681148052
0.0083712637424469
0.0024673526640981436
0.00353930308483541
0.004684919025748968
0.0039879800751805305
0.003706216812133789
0.006857019849121571
0.0018286501290276647
0.005389489233493805
0.0010106185218319297
0.0014089826727285981
0.002044254681095481
0.0006081038736738265
0.004156934097409248
0.0006095499265938997
0.0004023167712148279
0.0013263535220175982
0.0055675748735666275
0.004200162831693888
0.0008277343004010618
0.0028489853721112013
0.007135497406125069
0.0027113957330584526
0.002944494830444455
0.0006484859040938318
0.0037249599117785692
0.004744312260299921
0.005410584155470133
0.0022520071361213923
0.0026988033205270767
0.0009878260316327214
0.001607179525308311
0.006835912819951773
0.0035597016103565693
0.007251273840665817
0.0008873640326783061
0.004339146893471479
0.0027201268821954727
0.006701779086142778
0.0005781934014521539
0.0076844943687319756
0.0015486411284655333
0.004189693368971348
0.004889401141554117
0.002813735045492649
0.005297429393976927
0.003033490851521492
0.011757968924939632
0.0030584572814404964
0.00380283547565341
0.005283986683934927
0.0032838976476341486
0.0011310059344395995
0.00472314702346921
0.00037829737993888557
0.0009627605904825032
0.0008034459897316992
0.002475620014593005
0.004448525607585907
0.00670758867636323
0.0019153701141476631
0.0027288319543004036
0.0024912862572818995
0.004982899874448776
0.0030318552162498236
0.0009828597540035844
0.0005673711420968175
0.0008288768585771322
0.0018833299400284886
0.006349949631839991
0.00260382448323071
0.0008278732420876622
0.004201434552669525
0.007391102146357298
0.0023925448767840862
0.001775921555235982
0.00357204582542181
0.002195133827626705
0.002571146935224533
0.005022292956709862
