0.24329952895641327
0.047561127692461014
0.04757187142968178
0.046470046043395996
0.045095235109329224
0.04139626398682594
0.03995459899306297
0.04053317755460739
0.03796868398785591
0.0321863628923893
0.03347137197852135
0.030711079016327858
0.031133923679590225
0.02954503335058689
0.028114473447203636
0.03396530821919441
0.0295077133923769
0.027668962255120277
0.028896892443299294
0.02929656207561493
0.03243828937411308
0.025509273633360863
0.025739435106515884
0.025914421305060387
0.02449953928589821
0.026700204238295555
0.022043095901608467
0.024112025275826454
0.019979223608970642
0.022878210991621017
0.026581022888422012
0.01580067165195942
0.019396020099520683
0.01992541179060936
0.023658815771341324
0.025976238772273064
0.018704364076256752
0.020300930365920067
0.02107991836965084
0.0163838230073452
0.01796959713101387
0.014453035779297352
0.013902219012379646
0.01702204905450344
0.01337126363068819
0.021489260718226433
0.01908070035278797
0.019886482506990433
0.014980319887399673
0.016763577237725258
0.01999969780445099
0.01110495813190937
0.011978034861385822
0.012911941856145859
0.017878273501992226
0.020771099254488945
0.01567280851304531
0.01976293884217739
0.018743734806776047
0.007101922761648893
0.01587105356156826
0.01883143000304699
0.013096163980662823
0.019189536571502686
0.009950130246579647
0.015780091285705566
0.008233982138335705
0.017885681241750717
0.016650361940264702
0.007749226875603199
0.011464663781225681
0.007891842164099216
0.015262763015925884
0.012594308704137802
0.01857912540435791
0.01090827863663435
0.01183988992124796
0.013213159516453743
0.009670375846326351
0.011935632675886154
0.01658928021788597
0.017461447045207024
0.008649668656289577
0.008346663787961006
0.010284973308444023
0.006865048315376043
0.013689737766981125
0.01165831834077835
0.009037581272423267
0.010381011292338371
0.011659265495836735
0.01228345837444067
0.016107257455587387
0.008961561135947704
0.01169370673596859
0.010534313507378101
0.012278541922569275
0.009372873231768608
0.011462284252047539
0.0125185027718544
0.012110287323594093
0.007672243285924196
0.008709302172064781
0.005085736513137817
0.007527713663876057
0.007035897113382816
0.007673025131225586
0.006141655147075653
0.007453436963260174
0.00488104997202754
0.01454524789005518
0.00954099278897047
0.01476363930851221
0.006844765041023493
0.010524958372116089
0.01266152411699295
0.011378332041203976
0.005346269346773624
0.00364390155300498
0.01191898062825203
0.005443825852125883
0.010394216515123844
0.0021268457639962435
0.008845656178891659
0.005691129714250565
0.006876751314848661
0.016175536438822746
0.012135380879044533
0.010835597291588783
0.006564466282725334
0.010181381367146969
0.011255993507802486
0.011839514598250389
0.012119606137275696
0.007567483000457287
0.005987769458442926
0.009290026500821114
0.008022778667509556
0.009590919129550457
0.00871310755610466
0.00309483683668077
0.008941501379013062
0.0039893873035907745
0.01250366773456335
0.0060793994925916195
0.009521213360130787
0.007039336953312159
0.0068705580197274685
0.006677660159766674
0.011028265580534935
0.006020671222358942
0.007659131195396185
0.003553039627149701
0.009336860850453377
0.0036270972341299057
0.008321158587932587
0.004833378829061985
0.00643202243372798
0.00707958685234189
0.008826516568660736
0.004278029780834913
0.005164086353033781
0.00766708655282855
0.005869782995432615
0.004199150484055281
0.0017517978558316827
0.00919059943407774
0.0034680108074098825
0.00943219568580389
0.0060205538757145405
0.006817516405135393
0.007228965405374765
0.00652648089453578
0.002738014794886112
0.006439034827053547
0.005416885018348694
0.005977021995931864
0.007974769920110703
0.002437083050608635
0.007163721136748791
0.012883523479104042
0.010575221851468086
0.008431661874055862
0.009454593993723392
0.008499953895807266
0.004505276679992676
0.004870613105595112
0.010912143625319004
0.009485536254942417
0.0036416067741811275
0.0056581865064799786
0.005131135229021311
0.0048852721229195595
0.004229349549859762
0.00310442503541708
0.0040875510312616825
0.0033035471569746733
0.005896704737097025
0.007623073644936085
0.004110619891434908
0.00551077164709568
0.005686888005584478
0.006332639139145613
0.010365281254053116
0.0018820249242708087
0.007766183000057936
0.008861430920660496
0.005761430598795414
0.0028805790934711695
0.007334519177675247
0.006887638475745916
0.002629255410283804
0.003322549629956484
0.00330236810259521
0.004603039473295212
0.004223882686346769
0.004811185412108898
0.008434288203716278
0.0018562141340225935
0.0047431280836462975
0.0027302708476781845
0.005694948136806488
0.003683550748974085
0.007358849979937077
0.003727490548044443
0.0047340174205601215
0.0060300203040242195
0.0049153883010149
0.004166177939623594
0.007966249249875546
0.0034772318322211504
0.0038040364161133766
0.00603336188942194
0.001760371495038271
0.005177822895348072
0.010092251934111118
0.0037997541949152946
0.005124888848513365
0.011757159605622292
0.006144275888800621
0.004414338152855635
0.0019006517250090837
0.0021218308247625828
0.0036001463886350393
0.0029254350811243057
0.002480003284290433
0.0024016047827899456
0.003342867363244295
0.004629308357834816
0.004244346637278795
0.0027814763598144054
0.004581965506076813
0.0005638784496113658
0.004000319633632898
0.0032391883432865143
0.0029686214402318
0.004417682532221079
0.006741299759596586
0.00313955987803638
0.0012383031425997615
0.00312496954575181
0.004003817681223154
0.0022296153474599123
0.0017092619091272354
0.007454836741089821
0.0041026524268090725
0.011116898618638515
0.0031553779263049364
0.004180826246738434
0.0019893276039510965
0.0014659712323918939
6.43887760816142e-05
0.0008407692657783628
0.004132635425776243
0.00033435190562158823
0.004294268786907196
0.001360141672194004
0.008248046971857548
0.003956768661737442
0.006484962999820709
0.0016961360815912485
0.0009729070006869733
0.004489153623580933
0.0004458760377019644
0.003465886926278472
0.006620727013796568
0.00554652139544487
0.00512762600556016
0.0017996358219534159
0.005593958310782909
0.0026213983073830605
0.003426673123613
0.0029166280291974545
0.0074481964111328125
0.0069672404788434505
0.004912289325147867
0.004902106709778309
0.003405394498258829
0.009591965936124325
0.004426522180438042
0.00020158062397968024
0.008665967732667923
0.0036248737014830112
0.0004538562207017094
0.004717540927231312
0.002014036290347576
0.0037167351692914963
0.0007478613406419754
0.003352087689563632
0.002170598367229104
0.0025616856291890144
0.006359708495438099
7.615800859639421e-05
0.004188627935945988
0.001691914163529873
0.002535308478400111
0.002617455320432782
0.006108090281486511
0.003979284316301346
0.0037550220731645823
0.001745604327879846
0.006356456782668829
0.0016750849317759275
0.0031869057565927505
0.0007013390422798693
0.001864604651927948
0.0015868444461375475
0.001213666400872171
0.004880702588707209
0.002235562540590763
0.005458558443933725
0.002745912643149495
0.003816507989540696
0.002482904586941004
0.0017497092485427856
0.002956126816570759
0.0007502050721086562
0.005018258932977915
0.001571493805386126
0.0018691951408982277
0.0007819925667718053
0.0014555595116689801
0.006113114301115274
0.003015680005773902
0.0008514676010236144
0.0032803674694150686
0.0014925389550626278
0.0035106283612549305
0.004570888355374336
0.001954423962160945
0.005135411396622658
0.0005461557302623987
0.0017598768463358283
0.0034361807629466057
0.0038536391220986843
0.0005418946384452283
0.006894093472510576
0.005645067896693945
0.0067925299517810345
0.0017834868049249053
0.00479261064901948
0.004171148408204317
0.007446149364113808
0.0018130105454474688
0.009686618112027645
0.0016544990940019488
0.003820753423497081
0.004210830200463533
0.004632402211427689
0.005685100331902504
0.0019237372325733304
0.0038277525454759598
0.006588019896298647
0.002207724377512932
0.00036951052607037127
0.005691803526133299
0.003324147779494524
0.0021909610368311405
0.003915312234312296
0.002748581115156412
0.006618917919695377
0.0013894803123548627
0.005379432812333107
0.005465574096888304
0.002559639047831297
0.0054399436339735985
0.0008443244732916355
0.004789721220731735
0.001558292773552239
0.0005477697704918683
0.0006503338227048516
0.005961958784610033
0.0017058546654880047
0.0032739141024649143
0.0036053555086255074
0.00213991547934711
0.0018748881993815303
0.0023079111706465483
0.0034682131372392178
0.0032175311353057623
0.0035579719115048647
0.0015304441330954432
0.00203546485863626
0.0021180096082389355
0.0017150486819446087
0.001526932930573821
0.005641354713588953
0.0009210488060489297
0.0020732406992465258
0.002085962565615773
0.005466872360557318
0.007731916382908821
0.0019821275491267443
0.00029497549985535443
0.002894219709560275
0.00454113632440567
0.0032596790697425604
0.005942102521657944
0.007184600457549095
0.0014378844061866403
0.0038142194971442223
0.00025237645604647696
0.003979907371103764
0.0015353916678577662
0.00427360599860549
0.0033111562952399254
0.0008293823921121657
0.006337462458759546
0.004751301370561123
0.0023284524213522673
0.0027744031976908445
0.0024876331444829702
0.003927186131477356
0.0020457496866583824
0.0032613459043204784
0.0038883350789546967
0.0028457138687372208
0.0036899931728839874
0.0017415975453332067
0.006135149858891964
0.0020642702002078295
0.0008470591274090111
0.003528117435052991
0.0027931849472224712
0.005032503977417946
0.003141753375530243
0.0006385008455254138
0.004078037571161985
0.00024370619212277234
0.003262112382799387
4.459778210730292e-05
0.0009889176581054926
0.009720908477902412
0.005178868770599365
0.0015746294520795345
0.003044130513444543
0.0002759186609182507
0.0029164704028517008
0.0002125783357769251
0.0014982506399974227
0.002465928439050913
0.002951662987470627
0.0025263833813369274
0.0024526671040803194
0.001075665233656764
0.0038883036468178034
0.0045907143503427505
0.0012308062287047505
0.004570966120809317
0.003112917533144355
0.0011905110441148281
0.0016790552763268352
0.001022827229462564
0.006736419629305601
0.0022338833659887314
0.0036407653242349625
0.0035632001236081123
0.0024618147872388363
0.002182202646508813
0.002770441584289074
0.002485521836206317
0.0004814339627046138
0.002642370294779539
0.0015545868081972003
0.0008559871348552406
0.00222251215018332
0.0023170551285147667
0.00370660494081676
0.0023942633997648954
0.001284726313315332
0.0035005598329007626
0.002590531948953867
0.000833216414321214
0.00249556009657681
0.0012494063703343272
0.0019228886812925339
0.006429675966501236
0.0014897648943588138
0.0007715568644925952
0.001972458092495799
