5.0
5.2631578947368425
5.0
11.31578947368421
11.31578947368421
38.68421052631579
40.526315789473685
46.05263157894737
47.63157894736842
61.31578947368421
62.36842105263158
73.15789473684211
63.94736842105263
69.73684210526316
72.89473684210526
59.73684210526316
72.10526315789474
71.05263157894737
66.3157894736842
65.52631578947368
65.26315789473684
76.84210526315789
70.52631578947368
71.05263157894737
81.84210526315789
79.47368421052632
76.05263157894737
67.10526315789474
82.36842105263158
77.63157894736842
71.84210526315789
90.0
87.36842105263158
79.73684210526316
68.6842105263158
77.63157894736842
84.21052631578948
77.89473684210526
85.52631578947368
81.57894736842105
81.84210526315789
86.3157894736842
89.21052631578948
83.42105263157895
87.63157894736842
74.73684210526316
75.78947368421052
77.36842105263158
88.15789473684211
86.57894736842105
76.57894736842105
94.73684210526316
90.0
95.26315789473684
80.26315789473684
73.94736842105263
81.84210526315789
79.21052631578948
84.21052631578948
98.15789473684211
82.63157894736842
80.0
91.57894736842105
72.36842105263158
91.84210526315789
88.94736842105263
93.94736842105263
77.36842105263158
83.6842105263158
96.3157894736842
87.10526315789474
94.73684210526316
83.15789473684211
92.63157894736842
81.84210526315789
91.57894736842105
91.57894736842105
85.78947368421052
86.57894736842105
90.26315789473684
85.0
83.15789473684211
94.21052631578948
90.26315789473684
90.26315789473684
93.42105263157895
82.36842105263158
87.10526315789474
93.6842105263158
93.15789473684211
88.94736842105263
87.10526315789474
81.84210526315789
92.89473684210526
88.15789473684211
91.3157894736842
88.6842105263158
92.89473684210526
87.10526315789474
85.0
88.6842105263158
96.84210526315789
89.47368421052632
98.15789473684211
92.89473684210526
92.10526315789474
92.89473684210526
97.36842105263158
94.21052631578948
97.36842105263158
84.47368421052632
91.3157894736842
87.10526315789474
91.84210526315789
88.94736842105263
88.6842105263158
84.21052631578948
96.3157894736842
97.89473684210526
89.21052631578948
93.42105263157895
86.84210526315789
97.63157894736842
94.21052631578948
98.6842105263158
97.63157894736842
87.10526315789474
86.05263157894737
85.0
94.21052631578948
87.36842105263158
87.36842105263158
88.94736842105263
87.36842105263158
89.21052631578948
91.3157894736842
91.57894736842105
93.6842105263158
90.78947368421052
94.47368421052632
99.47368421052632
93.15789473684211
98.94736842105263
86.84210526315789
93.6842105263158
91.57894736842105
91.84210526315789
94.47368421052632
92.36842105263158
86.84210526315789
95.0
91.57894736842105
96.3157894736842
86.84210526315789
98.15789473684211
93.94736842105263
93.6842105263158
92.10526315789474
93.6842105263158
92.10526315789474
97.89473684210526
94.47368421052632
92.89473684210526
89.21052631578948
96.3157894736842
99.73684210526316
90.52631578947368
97.10526315789474
87.63157894736842
96.3157894736842
92.63157894736842
90.26315789473684
90.26315789473684
98.6842105263158
93.6842105263158
93.6842105263158
94.21052631578948
90.0
98.6842105263158
90.0
93.94736842105263
87.63157894736842
90.78947368421052
91.3157894736842
96.3157894736842
95.78947368421052
93.94736842105263
94.21052631578948
86.84210526315789
97.36842105263158
96.05263157894737
91.84210526315789
95.52631578947368
95.78947368421052
95.52631578947368
99.21052631578948
98.15789473684211
96.05263157894737
91.84210526315789
95.78947368421052
90.78947368421052
95.26315789473684
91.57894736842105
90.0
97.89473684210526
91.3157894736842
90.0
93.94736842105263
96.57894736842105
88.42105263157895
92.10526315789474
98.15789473684211
97.36842105263158
97.36842105263158
92.36842105263158
97.63157894736842
95.0
89.73684210526316
97.89473684210526
93.6842105263158
97.10526315789474
94.47368421052632
97.63157894736842
94.73684210526316
95.78947368421052
96.05263157894737
91.3157894736842
98.15789473684211
95.26315789473684
92.10526315789474
96.05263157894737
96.57894736842105
94.47368421052632
98.6842105263158
92.89473684210526
90.26315789473684
95.26315789473684
96.57894736842105
84.21052631578948
91.57894736842105
94.21052631578948
96.84210526315789
97.89473684210526
98.6842105263158
97.36842105263158
98.94736842105263
99.21052631578948
96.3157894736842
93.94736842105263
94.21052631578948
97.89473684210526
96.57894736842105
99.21052631578948
97.10526315789474
95.26315789473684
95.52631578947368
94.73684210526316
93.6842105263158
96.84210526315789
99.73684210526316
95.78947368421052
94.47368421052632
98.15789473684211
100.0
87.36842105263158
95.26315789473684
85.26315789473684
96.57894736842105
93.94736842105263
99.47368421052632
98.15789473684211
100.0
100.0
93.15789473684211
100.0
95.0
97.63157894736842
87.36842105263158
96.3157894736842
91.84210526315789
97.63157894736842
98.42105263157895
93.94736842105263
100.0
95.78947368421052
90.0
92.63157894736842
92.10526315789474
97.89473684210526
93.42105263157895
97.63157894736842
95.26315789473684
96.84210526315789
97.36842105263158
92.10526315789474
93.15789473684211
93.15789473684211
95.0
87.36842105263158
96.57894736842105
100.0
90.26315789473684
98.6842105263158
99.73684210526316
98.6842105263158
97.63157894736842
94.73684210526316
100.0
95.78947368421052
96.57894736842105
98.94736842105263
94.73684210526316
100.0
95.26315789473684
97.89473684210526
96.05263157894737
98.94736842105263
93.15789473684211
96.3157894736842
98.15789473684211
98.15789473684211
90.52631578947368
98.15789473684211
97.36842105263158
100.0
97.36842105263158
99.73684210526316
98.42105263157895
92.10526315789474
97.89473684210526
95.78947368421052
96.05263157894737
93.6842105263158
97.63157894736842
96.57894736842105
95.52631578947368
98.94736842105263
94.21052631578948
98.42105263157895
97.63157894736842
98.6842105263158
98.15789473684211
91.84210526315789
97.63157894736842
99.21052631578948
94.47368421052632
98.94736842105263
94.47368421052632
93.42105263157895
97.10526315789474
94.73684210526316
100.0
96.84210526315789
97.10526315789474
92.89473684210526
99.73684210526316
88.6842105263158
93.15789473684211
91.84210526315789
96.84210526315789
93.15789473684211
95.52631578947368
93.42105263157895
98.15789473684211
88.15789473684211
98.15789473684211
97.36842105263158
96.05263157894737
94.73684210526316
91.05263157894737
96.84210526315789
94.73684210526316
93.6842105263158
96.84210526315789
100.0
93.6842105263158
94.47368421052632
98.15789473684211
95.78947368421052
97.10526315789474
92.63157894736842
97.63157894736842
91.3157894736842
96.3157894736842
98.15789473684211
90.26315789473684
98.6842105263158
91.3157894736842
98.94736842105263
100.0
99.47368421052632
91.3157894736842
98.6842105263158
94.21052631578948
99.21052631578948
96.05263157894737
97.10526315789474
95.52631578947368
97.63157894736842
95.26315789473684
95.0
99.47368421052632
96.3157894736842
96.05263157894737
97.63157894736842
97.36842105263158
92.36842105263158
100.0
98.15789473684211
99.21052631578948
93.94736842105263
87.10526315789474
97.89473684210526
100.0
95.78947368421052
92.89473684210526
94.47368421052632
90.26315789473684
91.57894736842105
98.15789473684211
94.21052631578948
100.0
97.10526315789474
97.63157894736842
94.21052631578948
95.26315789473684
99.47368421052632
94.21052631578948
98.15789473684211
97.89473684210526
97.36842105263158
96.57894736842105
94.21052631578948
99.21052631578948
98.15789473684211
96.3157894736842
97.10526315789474
97.36842105263158
99.73684210526316
92.10526315789474
97.36842105263158
99.21052631578948
96.05263157894737
96.57894736842105
95.78947368421052
95.0
98.94736842105263
96.05263157894737
100.0
96.84210526315789
100.0
99.21052631578948
92.63157894736842
90.78947368421052
98.6842105263158
96.3157894736842
100.0
94.21052631578948
100.0
97.63157894736842
98.15789473684211
97.36842105263158
99.21052631578948
98.42105263157895
98.42105263157895
92.89473684210526
93.94736842105263
98.6842105263158
93.42105263157895
95.26315789473684
98.15789473684211
98.15789473684211
98.42105263157895
90.0
96.57894736842105
93.6842105263158
97.36842105263158
96.05263157894737
97.63157894736842
99.47368421052632
96.05263157894737
99.73684210526316
96.84210526315789
99.73684210526316
98.6842105263158
96.3157894736842
97.63157894736842
94.47368421052632
96.3157894736842
98.15789473684211
96.57894736842105
97.36842105263158
98.6842105263158
95.52631578947368
97.89473684210526
97.10526315789474
88.42105263157895
97.63157894736842
98.94736842105263
100.0
