0.30565759539604187
0.05717738717794418
0.050336770713329315
0.05013975501060486
0.050023265182971954
0.05061579495668411
0.05009492486715317
0.05009981989860535
0.0502195730805397
0.0494244210422039
0.04948963224887848
0.048228636384010315
0.047418177127838135
0.04608481377363205
0.041378989815711975
0.04261543229222298
0.03666755184531212
0.04097272455692291
0.03532623499631882
0.03214478865265846
0.03379833698272705
0.034892089664936066
0.03401004895567894
0.02977891080081463
0.033872295171022415
0.027034277096390724
0.030347885563969612
0.02595454454421997
0.02319224551320076
0.028398165479302406
0.024222252890467644
0.026791047304868698
0.0285181887447834
0.024025384336709976
0.02402118593454361
0.02537897415459156
0.0240193959325552
0.023502293974161148
0.02461327612400055
0.02591761387884617
0.019370801746845245
0.02204139530658722
0.019695868715643883
0.023353615775704384
0.024676978588104248
0.015123933553695679
0.02233257330954075
0.023280257359147072
0.011856526136398315
0.021713631227612495
0.013349682092666626
0.0195985808968544
0.017224105075001717
0.015303589403629303
0.01788928359746933
0.01755320467054844
0.01592233218252659
0.02125384844839573
0.015144001692533493
0.01626615598797798
0.017299113795161247
0.016213970258831978
0.017375174909830093
0.01883682608604431
0.01250245701521635
0.014359521679580212
0.02200104482471943
0.021720880642533302
0.012866576202213764
0.010673888958990574
0.012069705873727798
0.009213662706315517
0.01521706860512495
0.013021175749599934
0.010621990077197552
0.009591013193130493
0.01441519521176815
0.016105642542243004
0.012194408103823662
0.019131481647491455
0.00989600457251072
0.01157313771545887
0.007987295277416706
0.012856906279921532
0.007317416835576296
0.009844177402555943
0.016499556601047516
0.012353500351309776
0.014859450981020927
0.008990205824375153
0.008927806280553341
0.013867110945284367
0.008702603168785572
0.013119058683514595
0.009298735298216343
0.013869923539459705
0.007942493073642254
0.0060366238467395306
0.011267516762018204
0.010417378507554531
0.005918009206652641
0.007205619011074305
0.011510662734508514
0.010727458633482456
0.011743785813450813
0.00609222985804081
0.0070063029415905476
0.012890522368252277
0.012958452105522156
0.00999846775084734
0.009312938898801804
0.01111859455704689
0.0077470396645367146
0.007134753745049238
0.017310943454504013
0.010409273207187653
0.010835214518010616
0.00433497317135334
0.009259858168661594
0.007931198924779892
0.007867048494517803
0.010431048460304737
0.00797440204769373
0.01291897427290678
0.008794128894805908
0.008415241725742817
0.005387015640735626
0.0051804762333631516
0.00890294648706913
0.008649427443742752
0.008259796537458897
0.010889170691370964
0.007366395089775324
0.01284825336188078
0.00922373216599226
0.013320865109562874
0.008210279047489166
0.014413549564778805
0.009045559912919998
0.011871720664203167
0.011520248837769032
0.007783299311995506
0.010508706793189049
0.0098783103749156
0.008878768421709538
0.01185540296137333
0.007877884432673454
0.010694244876503944
0.007576844654977322
0.0060722860507667065
0.007374280132353306
0.006667864043265581
0.002321596723049879
0.008119024336338043
0.007822276093065739
0.009015441872179508
0.009787306189537048
0.004402770660817623
0.005898757372051477
0.00587979331612587
0.006204033736139536
0.010468621738255024
0.005245649255812168
0.005024352576583624
0.005465290509164333
0.010998890735208988
0.0066323839128017426
0.010437197051942348
0.004576537758111954
0.0070173051208257675
0.013977919705212116
0.006300837732851505
0.00531060341745615
0.008197707124054432
0.010748513042926788
0.007667066995054483
0.005443227477371693
0.010079750791192055
0.005011723376810551
0.007552859373390675
0.007810248993337154
0.021320398896932602
0.012987264432013035
0.006445154082030058
0.006680320482701063
0.006309592165052891
0.008883267641067505
0.006613663863390684
0.009395703673362732
0.0052987015806138515
0.005923800636082888
0.003256287658587098
0.007404778618365526
0.007054537534713745
0.007434531580656767
0.006423321086913347
0.015041240490972996
0.013806691393256187
0.006982816383242607
0.008763181045651436
0.0015852473443374038
0.005211987532675266
0.004213447216898203
0.007796175312250853
0.005717730149626732
0.005639790557324886
0.006193702109158039
0.004715650342404842
0.008527304045855999
0.005790424067527056
0.004275139886885881
0.006014576647430658
0.008970070630311966
0.003158200066536665
0.007796107325702906
0.007418001536279917
0.0102783078327775
0.007256610784679651
0.009072955697774887
0.008970256894826889
0.004609720781445503
0.009781429544091225
0.006845272146165371
0.008508868515491486
0.010656097903847694
0.004494246561080217
0.005455614998936653
0.006192101631313562
0.0030120040755718946
0.010854109190404415
0.0030569424852728844
0.0026574963703751564
0.012265725061297417
0.0009455613908357918
0.0021833444479852915
0.009346995502710342
0.0072550056502223015
0.0037277769297361374
0.005392665974795818
0.005520349368453026
0.004709200002253056
0.005839454475790262
0.010510283522307873
0.017012665048241615
0.006068717688322067
0.0020064262207597494
0.005632197484374046
0.014659866690635681
0.004311830271035433
0.009613359346985817
0.0093912985175848
0.012095886282622814
0.0013197996886447072
0.009738028980791569
0.0017354703741148114
0.010537906549870968
0.00764266075566411
0.00774918869137764
0.005495903082191944
0.003775073681026697
0.009311379864811897
0.003247871296480298
0.004128996282815933
0.006806024815887213
0.0025207309518009424
0.0035503986291587353
0.009170614182949066
0.0032625156454741955
0.004026820417493582
0.0019698068499565125
0.005446210503578186
0.0024031230714172125
0.0023073137272149324
0.0025884706992655993
0.008568283170461655
0.0027981826569885015
0.007625064812600613
0.00454665394499898
0.0065399580635130405
0.004375738557428122
0.009314492344856262
0.004219482187181711
0.003520855912938714
0.007933096028864384
0.006475419271737337
0.009686712175607681
0.0030222737696021795
0.008477036841213703
0.0071122776716947556
0.0052035171538591385
0.0027938128914684057
0.007471680175513029
0.004148200154304504
0.009668918326497078
0.004171263426542282
0.005260069854557514
0.0073670679703354836
0.0053482926450669765
0.0019221892580389977
0.0023151678033173084
0.0016177338548004627
0.0049448502250015736
0.006345479749143124
0.007107263430953026
0.003573082620278001
0.004214218817651272
0.0037534935399889946
0.0019740848802030087
0.010734141804277897
0.006880719214677811
0.005905593279749155
0.008335044607520103
0.007371405139565468
0.006099397782236338
0.005239195190370083
0.003383804578334093
0.005367560777813196
0.0052904547192156315
0.002973339520394802
0.006970474496483803
0.010451577603816986
0.005176115315407515
0.005487727001309395
0.004186070524156094
0.006103677675127983
0.0043550943955779076
0.002884762827306986
0.004232052247971296
0.0013269383925944567
0.016195356845855713
0.0015606119995936751
0.004719212651252747
0.003762212349101901
0.004778347909450531
0.006260850466787815
0.002806465607136488
0.001643643481656909
0.003518124110996723
0.0018058608984574676
0.0065202899277210236
0.0071636466309428215
0.00784045085310936
0.0016397861763834953
0.005963508039712906
0.004586445167660713
0.0019194266060367227
0.007860058918595314
0.0021859679836779833
0.00784248299896717
0.003567864652723074
0.0057249125093221664
0.006455314811319113
0.00958101637661457
0.0036683008074760437
0.000528132077306509
0.00807729922235012
0.0033172881230711937
0.005037956405431032
0.00652228994295001
0.004369102884083986
0.005509632173925638
0.008388390764594078
0.008765366859734058
0.0014598462730646133
0.00996361579746008
0.0006116057629697025
0.006148438435047865
0.005159849766641855
0.0020057677756994963
0.00795039627701044
0.005230533890426159
0.018493101000785828
0.004378120414912701
0.002995053306221962
0.004992999602109194
0.004008570685982704
0.0037621085066348314
0.008126124739646912
0.0031113435979932547
0.0014855599729344249
0.006585235707461834
0.0048730624839663506
0.004967173095792532
0.004422557074576616
0.00804306659847498
0.004616790451109409
0.005913193803280592
0.005667709279805422
0.00470402417704463
0.0016490613343194127
0.0038635910023003817
0.005887253675609827
0.001277957926504314
0.0015053326496854424
0.004125611390918493
0.0015198374167084694
0.0034221855457872152
0.0027407670859247446
0.004417527467012405
0.0013180430978536606
0.008007730357348919
0.002720964141190052
0.001385900774039328
0.005913320928812027
0.0019302605651319027
0.01066668052226305
0.0012605327647179365
0.0030931206420063972
0.002968267537653446
0.006542638409882784
0.003234332427382469
0.0011883622501045465
0.0032739057205617428
0.005110118538141251
0.0034122259821742773
0.006609844043850899
0.004134686663746834
0.0024125182535499334
0.004454108886420727
0.002147604711353779
0.0069983284920454025
0.0033655380830168724
0.009275438264012337
0.000604695116635412
0.0026661951560527086
0.005784878507256508
0.0011102590942755342
0.00137763109523803
0.006056603509932756
0.005389007739722729
0.005522376392036676
0.0025347955524921417
0.0014353272272273898
0.004329028073698282
0.009510134346783161
0.004759245086461306
0.0038366958033293486
0.0021102435421198606
0.006254220847040415
0.005133687984198332
0.0036888602189719677
0.0010986470151692629
0.001475722179748118
0.0076680295169353485
0.007251327391713858
0.007787738461047411
0.0059030503034591675
0.004131000954657793
0.003244261257350445
0.003306453349068761
0.0012523520272225142
0.002878007246181369
0.0036723304074257612
0.00201014569029212
0.007161570247262716
0.003109614597633481
0.002381794387474656
0.00933169573545456
0.00540055800229311
0.0024536356795579195
0.001918157679028809
0.007722948677837849
0.005404118914157152
0.006864613853394985
0.008149494417011738
0.008168060332536697
0.0056744832545518875
0.006314216181635857
0.0016219490207731724
0.004558357410132885
0.0060165151953697205
0.0013498964253813028
0.00347775686532259
0.007337240967899561
0.007673165760934353
0.0034266228321939707
0.0019447443773970008
0.004438184201717377
0.0029043222311884165
0.003797246376052499
0.0007366493809968233
0.008989928290247917
0.0030631490517407656
0.006459173746407032
0.0008264139178209007
0.001517602475360036
0.00883474014699459
0.004318419378250837
0.0036601084284484386
0.000904488901142031
0.00866495817899704
0.0021383073180913925
0.0028984241653233767
0.0009104243945330381
0.0015441086143255234
0.004229674115777016
0.001109756762161851
0.001061352202668786
0.0024695585016161203
0.0015722161624580622
