2.6315789473684212
5.0
5.7894736842105265
3.6842105263157894
4.473684210526316
2.1052631578947367
4.7368421052631575
6.315789473684211
5.2631578947368425
6.578947368421052
7.105263157894737
9.210526315789474
12.894736842105264
16.842105263157894
31.31578947368421
26.57894736842105
45.26315789473684
37.89473684210526
45.78947368421053
54.21052631578947
51.578947368421055
50.0
53.94736842105263
60.78947368421053
53.421052631578945
73.15789473684211
59.473684210526315
72.36842105263158
75.78947368421052
67.89473684210526
72.36842105263158
69.73684210526316
71.3157894736842
74.21052631578948
71.3157894736842
71.84210526315789
74.47368421052632
75.78947368421052
70.52631578947368
71.05263157894737
84.47368421052632
74.47368421052632
84.47368421052632
78.15789473684211
72.89473684210526
90.26315789473684
79.21052631578948
73.42105263157895
92.89473684210526
79.21052631578948
88.42105263157895
79.73684210526316
80.52631578947368
82.10526315789474
77.89473684210526
81.57894736842105
84.73684210526316
80.0
82.36842105263158
78.15789473684211
83.42105263157895
80.0
78.15789473684211
78.6842105263158
86.84210526315789
85.26315789473684
71.05263157894737
72.89473684210526
83.42105263157895
89.73684210526316
90.52631578947368
92.89473684210526
81.57894736842105
82.36842105263158
91.3157894736842
92.36842105263158
79.73684210526316
80.78947368421052
94.73684210526316
83.94736842105263
88.94736842105263
88.94736842105263
92.36842105263158
90.0
94.47368421052632
90.0
81.3157894736842
85.78947368421052
83.15789473684211
91.05263157894737
89.73684210526316
82.10526315789474
87.63157894736842
89.21052631578948
90.52631578947368
87.89473684210526
90.0
92.89473684210526
90.52631578947368
87.10526315789474
93.15789473684211
96.05263157894737
87.10526315789474
91.05263157894737
83.6842105263158
93.6842105263158
93.15789473684211
81.84210526315789
84.21052631578948
88.94736842105263
92.10526315789474
87.10526315789474
92.36842105263158
94.21052631578948
75.52631578947368
87.63157894736842
86.84210526315789
98.94736842105263
91.3157894736842
94.73684210526316
92.36842105263158
86.05263157894737
91.57894736842105
85.0
92.10526315789474
93.15789473684211
97.36842105263158
95.26315789473684
88.15789473684211
87.89473684210526
92.63157894736842
86.05263157894737
91.57894736842105
79.47368421052632
90.26315789473684
81.05263157894737
87.36842105263158
77.63157894736842
88.6842105263158
82.10526315789474
87.63157894736842
88.94736842105263
87.10526315789474
86.84210526315789
92.10526315789474
87.63157894736842
91.3157894736842
86.3157894736842
90.78947368421052
94.47368421052632
92.36842105263158
91.05263157894737
98.6842105263158
89.73684210526316
89.47368421052632
89.47368421052632
88.6842105263158
96.84210526315789
93.42105263157895
92.89473684210526
94.73684210526316
85.78947368421052
92.89473684210526
96.57894736842105
92.89473684210526
83.6842105263158
93.6842105263158
85.26315789473684
96.3157894736842
90.26315789473684
78.6842105263158
97.36842105263158
93.94736842105263
87.89473684210526
84.73684210526316
89.21052631578948
93.42105263157895
86.3157894736842
93.42105263157895
90.26315789473684
95.0
70.0
82.63157894736842
92.10526315789474
93.94736842105263
93.42105263157895
88.6842105263158
90.78947368421052
87.10526315789474
96.3157894736842
92.89473684210526
97.63157894736842
92.63157894736842
93.6842105263158
96.3157894736842
92.89473684210526
79.21052631578948
80.78947368421052
93.42105263157895
86.84210526315789
99.47368421052632
96.05263157894737
96.05263157894737
86.57894736842105
92.36842105263158
92.89473684210526
90.78947368421052
96.3157894736842
86.84210526315789
90.78947368421052
95.78947368421052
95.26315789473684
93.15789473684211
97.36842105263158
88.6842105263158
95.0
91.05263157894737
89.21052631578948
86.84210526315789
86.3157894736842
92.89473684210526
84.47368421052632
90.78947368421052
85.78947368421052
85.78947368421052
95.52631578947368
94.47368421052632
92.10526315789474
97.89473684210526
87.89473684210526
98.6842105263158
97.63157894736842
78.42105263157895
100.0
98.42105263157895
90.0
89.47368421052632
96.57894736842105
93.6842105263158
90.52631578947368
95.0
92.63157894736842
86.84210526315789
77.89473684210526
92.36842105263158
98.42105263157895
95.0
76.57894736842105
97.36842105263158
87.63157894736842
85.52631578947368
81.84210526315789
98.94736842105263
84.21052631578948
99.47368421052632
83.6842105263158
90.78947368421052
88.15789473684211
92.89473684210526
95.52631578947368
85.52631578947368
97.89473684210526
93.94736842105263
88.15789473684211
96.05263157894737
95.52631578947368
87.63157894736842
96.05263157894737
95.26315789473684
97.10526315789474
91.57894736842105
97.36842105263158
97.36842105263158
96.57894736842105
86.57894736842105
95.78947368421052
87.36842105263158
93.15789473684211
89.21052631578948
94.73684210526316
85.52631578947368
94.73684210526316
95.78947368421052
86.84210526315789
91.57894736842105
84.73684210526316
97.10526315789474
90.0
94.21052631578948
92.63157894736842
98.15789473684211
89.47368421052632
97.36842105263158
84.73684210526316
95.26315789473684
92.89473684210526
90.0
93.42105263157895
98.42105263157895
98.15789473684211
98.15789473684211
96.05263157894737
88.6842105263158
87.10526315789474
95.26315789473684
97.63157894736842
96.57894736842105
98.42105263157895
84.73684210526316
90.0
93.42105263157895
89.21052631578948
88.6842105263158
93.94736842105263
93.94736842105263
94.21052631578948
92.10526315789474
93.15789473684211
95.78947368421052
91.05263157894737
84.47368421052632
92.89473684210526
92.89473684210526
93.15789473684211
93.6842105263158
94.73684210526316
99.21052631578948
95.26315789473684
98.42105263157895
81.05263157894737
99.21052631578948
93.6842105263158
96.84210526315789
94.21052631578948
94.47368421052632
97.36842105263158
98.6842105263158
96.3157894736842
99.21052631578948
92.63157894736842
91.57894736842105
88.42105263157895
98.6842105263158
91.84210526315789
93.94736842105263
97.89473684210526
85.78947368421052
97.36842105263158
89.21052631578948
94.47368421052632
94.47368421052632
90.52631578947368
91.57894736842105
95.26315789473684
99.73684210526316
87.89473684210526
95.78947368421052
92.10526315789474
89.73684210526316
92.63157894736842
92.36842105263158
87.10526315789474
87.63157894736842
98.6842105263158
83.42105263157895
99.73684210526316
93.6842105263158
92.36842105263158
97.36842105263158
90.26315789473684
94.73684210526316
75.52631578947368
94.73684210526316
96.05263157894737
91.84210526315789
93.94736842105263
97.36842105263158
90.0
95.0
98.6842105263158
90.0
93.42105263157895
93.15789473684211
94.73684210526316
90.52631578947368
96.3157894736842
94.21052631578948
93.42105263157895
96.3157894736842
97.89473684210526
96.3157894736842
92.89473684210526
99.73684210526316
98.6842105263158
95.52631578947368
99.21052631578948
95.26315789473684
95.26315789473684
96.05263157894737
100.0
89.73684210526316
96.57894736842105
99.47368421052632
92.10526315789474
97.63157894736842
87.36842105263158
100.0
95.78947368421052
96.57894736842105
92.36842105263158
98.6842105263158
99.47368421052632
96.05263157894737
92.63157894736842
96.3157894736842
94.73684210526316
95.26315789473684
97.63157894736842
96.57894736842105
97.89473684210526
93.42105263157895
95.52631578947368
88.15789473684211
99.73684210526316
97.36842105263158
93.42105263157895
100.0
98.42105263157895
91.3157894736842
94.21052631578948
94.21052631578948
97.89473684210526
99.73684210526316
95.26315789473684
91.05263157894737
95.0
95.0
97.36842105263158
90.78947368421052
94.21052631578948
97.63157894736842
99.47368421052632
98.94736842105263
86.05263157894737
91.05263157894737
89.73684210526316
94.73684210526316
94.21052631578948
97.10526315789474
96.84210526315789
98.15789473684211
95.26315789473684
94.47368421052632
97.10526315789474
95.26315789473684
94.47368421052632
97.89473684210526
90.78947368421052
93.6842105263158
96.84210526315789
98.6842105263158
90.52631578947368
92.63157894736842
90.78947368421052
90.52631578947368
91.05263157894737
92.89473684210526
91.05263157894737
97.36842105263158
92.36842105263158
94.47368421052632
98.42105263157895
96.84210526315789
91.57894736842105
89.73684210526316
96.05263157894737
98.42105263157895
93.15789473684211
96.84210526315789
94.47368421052632
99.47368421052632
90.78947368421052
96.57894736842105
90.78947368421052
99.73684210526316
97.89473684210526
86.84210526315789
95.0
96.05263157894737
98.94736842105263
89.21052631578948
97.36842105263158
95.78947368421052
99.73684210526316
98.94736842105263
94.73684210526316
98.94736842105263
99.21052631578948
96.57894736842105
97.36842105263158
