0.29042455554008484
0.038530293852090836
0.038502778857946396
0.03689919412136078
0.034840770065784454
0.03447758033871651
0.033136580139398575
0.03196767717599869
0.029003039002418518
0.03087017498910427
0.027884308248758316
0.025913948193192482
0.027431340888142586
0.02541005238890648
0.02377704717218876
0.026442624628543854
0.023768076673150063
0.023144565522670746
0.023637691512703896
0.02403498999774456
0.02258528582751751
0.0214580949395895
0.020395001396536827
0.02159014344215393
0.017596302554011345
0.01827893778681755
0.01858525536954403
0.018813302740454674
0.023807520046830177
0.01962379366159439
0.020473260432481766
0.021912051364779472
0.016228800639510155
0.017705954611301422
0.018622061237692833
0.020747292786836624
0.0167841874063015
0.014218838885426521
0.016523197293281555
0.011286274529993534
0.017072034999728203
0.01642020046710968
0.01803131029009819
0.01583554409444332
0.014552599750459194
0.013195554725825787
0.019885823130607605
0.01181794609874487
0.012429708614945412
0.010282798670232296
0.020001647993922234
0.012981651350855827
0.012868945486843586
0.012668740004301071
0.014605141244828701
0.022655416280031204
0.01387151051312685
0.014479749836027622
0.01720799319446087
0.019376171752810478
0.012229861691594124
0.014892681501805782
0.013364126905798912
0.013197819702327251
0.01713494025170803
0.010466319508850574
0.010161523707211018
0.009316449984908104
0.01146061159670353
0.008279005996882915
0.011833352968096733
0.010953753255307674
0.007522339932620525
0.009862025268375874
0.011703605763614178
0.011411682702600956
0.01164644118398428
0.010683057829737663
0.010984198190271854
0.013599691912531853
0.009841476567089558
0.011225150898098946
0.010989905335009098
0.0073384009301662445
0.00858653150498867
0.009546258486807346
0.012374003417789936
0.008950929157435894
0.010008073411881924
0.006311224773526192
0.008471348322927952
0.010956990532577038
0.008167680352926254
0.010541083291172981
0.01063485350459814
0.00934569351375103
0.01103766355663538
0.008375594392418861
0.009473064914345741
0.007055831141769886
0.0029214334208518267
0.010350620374083519
0.011305062100291252
0.010807075537741184
0.004491693340241909
0.011098180897533894
0.007850396446883678
0.0056382776238024235
0.007424423471093178
0.01306244358420372
0.005025753751397133
0.00553831597790122
0.0075866058468818665
0.007572947070002556
0.007622350472956896
0.007830224931240082
0.009850875474512577
0.007737457752227783
0.00626403046771884
0.009940825402736664
0.008394384756684303
0.00535191223025322
0.007432528771460056
0.0071846963837742805
0.0036346251145005226
0.010693967342376709
0.007667926140129566
0.008842360228300095
0.004891035612672567
0.00888544786721468
0.00869598239660263
0.01189344096928835
0.00581728108227253
0.0052237422205507755
0.003910438623279333
0.008439681492745876
0.006816974841058254
0.005201220046728849
0.006046884227544069
0.004705549217760563
0.004148401319980621
0.008816327899694443
0.010272009298205376
0.007264839950948954
0.005337976384907961
0.005130992271006107
0.007241082843393087
0.004954885691404343
0.010989934206008911
0.007051580585539341
0.007038113195449114
0.0069974870420992374
0.005565025843679905
0.005586540792137384
0.0051114801317453384
0.004860459826886654
0.006351056508719921
0.006950523238629103
0.009544742293655872
0.00893635768443346
0.0052147977985441685
0.007855929434299469
0.005967754404991865
0.008535429835319519
0.005798755679279566
0.0050359126180410385
0.0034487303346395493
0.00817763339728117
0.007865996100008488
0.006266737822443247
0.006350926589220762
0.005402569659054279
0.006670553237199783
0.006093362346291542
0.0033342440146952868
0.004608907271176577
0.006350166164338589
0.007893350906670094
0.003273935755714774
0.00615284126251936
0.0077745248563587666
0.0034316652454435825
0.008827741257846355
0.006396123673766851
0.004446246661245823
0.004292594268918037
0.004589964635670185
0.003813000861555338
0.004036744590848684
0.006505490280687809
0.005224825814366341
0.003319123759865761
0.009691464714705944
0.007193462457507849
0.006503526121377945
0.009562591090798378
0.003847107058390975
0.0035227348562330008
0.0023159789852797985
0.003971039317548275
0.004455357324331999
0.008185534738004208
0.003920756280422211
0.00899836327880621
0.010517063550651073
0.00813875813037157
0.004129623528569937
0.0058952090330421925
0.005574421491473913
0.008371034637093544
0.0026149272453039885
0.007366248406469822
0.00447830418124795
0.004724573343992233
0.006646122317761183
0.0077612269669771194
0.006170034408569336
0.00909850001335144
0.004304863978177309
0.004428702872246504
0.005184670444577932
0.004628225229680538
0.004095860756933689
0.00413141306489706
0.004054336342960596
0.005540245678275824
0.005805043503642082
0.0036685618106275797
0.0063863880932331085
0.004506212659180164
0.004215454217046499
0.007530685979872942
0.0066064405255019665
0.011094741523265839
0.004677413031458855
0.0024331833701580763
0.0053987461142241955
0.00786522775888443
0.004644928965717554
0.00915860291570425
0.0012639501364901662
0.004508337005972862
0.0029550190083682537
0.005499356426298618
0.006049405317753553
0.0035997424274683
0.004880852531641722
0.0017671979730948806
0.008181286044418812
0.002709771739318967
0.0036490075290203094
0.0038046985864639282
0.0024742144159972668
0.004043129738420248
0.003344777040183544
0.003202272579073906
0.004617908038198948
0.00420067785307765
0.007092882879078388
0.004944889806210995
0.0052789547480642796
0.007023441605269909
0.0034547268878668547
0.0028895633295178413
0.004080173559486866
0.004969902336597443
0.003185366513207555
0.0022930812556296587
0.004201874136924744
0.0017083730781450868
0.0042032296769320965
0.0030522120650857687
0.005578391253948212
0.005258876830339432
0.0031665521673858166
0.003850911045446992
0.002787976060062647
0.003677031025290489
0.0027184998616576195
0.0068337866105139256
0.0039746412076056
0.005725013092160225
0.004278752952814102
0.0042147524654865265
0.004304737318307161
0.0024719135835766792
0.006682755425572395
0.008217573165893555
0.006200823001563549
0.003016057424247265
0.0011177860433235765
0.002672205911949277
0.003159595187753439
0.00487933587282896
0.0013996389461681247
0.004584997892379761
0.006230650003999472
0.004516789223998785
0.003016573144122958
0.004086702596396208
0.010243354365229607
0.0029113583732396364
0.004179924726486206
0.003777110017836094
0.008811956271529198
0.004116191063076258
0.003995697014033794
0.001663847011514008
0.003289923770353198
0.004793594591319561
0.004306165501475334
0.0041291858069598675
0.0035754276905208826
0.0037598167546093464
0.00325621385127306
0.004687412176281214
0.0014223591424524784
0.0029531868640333414
0.004522155504673719
0.004070268012583256
0.0032004928216338158
0.004598644562065601
0.005704544484615326
0.00669793039560318
0.0032514603808522224
0.0008886762661859393
0.0037581382784992456
0.0016352757811546326
0.0015466319164261222
0.0052134315483272076
0.0030619900207966566
0.004053894896060228
0.0021084495820105076
0.0014775602612644434
0.001649003941565752
0.005138905253261328
0.006114483345299959
0.0015219469787552953
0.005297272466123104
0.002385138301178813
0.0027755771297961473
0.006252074148505926
0.004619694780558348
0.0021694027818739414
0.004574318416416645
0.0043955291621387005
0.003577990923076868
0.0016321742441505194
0.0024876536335796118
0.001787549233995378
0.004128216300159693
0.005601854994893074
0.002979828277602792
0.004712393507361412
0.0030701416544616222
0.003077825764194131
0.001685778028331697
0.0034671009052544832
0.002245635027065873
0.004480199888348579
0.0022174592595547438
0.00018984168127644807
0.003456674050539732
0.0036820557434111834
0.0030606845393776894
0.002484237542375922
0.003483920358121395
0.001227869070135057
0.0038324734196066856
0.0008139820420183241
0.005784252658486366
0.004088269080966711
0.0022552621085196733
0.006728897336870432
0.005095846019685268
0.0028599193319678307
0.0031241816468536854
0.001718360697850585
0.003265425330027938
0.004045562818646431
0.002724220510572195
0.00442681135609746
0.0026625010650604963
0.003697437234222889
0.003433182602748275
0.0014822949888184667
0.001462785992771387
0.0007203837740235031
0.004217456094920635
0.003111251164227724
0.0027681165374815464
0.001107329735532403
0.0033843382261693478
0.003259057179093361
0.004731669556349516
0.006684965454041958
0.004877367522567511
0.0018241765210404992
0.0019548647105693817
0.0015248721465468407
0.005072362720966339
0.003463120199739933
0.0027832372579723597
0.0023514090571552515
0.004968295805156231
0.004357613623142242
0.004046090412884951
0.0027548540383577347
0.003945218864828348
0.0030110792722553015
0.0010912124998867512
0.0033642470370978117
0.0028913177084177732
0.002560262568295002
0.004215747117996216
0.0014221910387277603
0.006303642876446247
0.004216525238007307
0.004613205790519714
0.001851690118201077
0.0037840022705495358
0.0006923663895577192
0.005525992251932621
0.0022708463948220015
0.0018000392010435462
0.0038168940227478743
0.002807172015309334
0.0018264970276504755
0.0027670813724398613
0.0026968433521687984
0.0020460993982851505
0.002545371185988188
0.006868364289402962
0.003417469561100006
0.0014212338719516993
0.0039397235959768295
0.0013365094782784581
0.0015721914824098349
0.0013531256699934602
0.001998276449739933
0.004176090005785227
0.0038983412086963654
0.0027428281027823687
0.0015740784583613276
0.0015804913127794862
0.004322413820773363
0.003938019275665283
0.0032812205608934164
0.0018757331417873502
0.005016614217311144
0.00574071379378438
0.002441633492708206
0.0002525285235606134
0.001462316606193781
0.0021382218692451715
0.003776595462113619
0.001578063820488751
0.0014130845665931702
0.0037013674154877663
0.0028878541197627783
0.0017599754501134157
0.0016307689948007464
0.003648587269708514
0.0017553718062117696
0.0012695958139374852
0.002200447954237461
0.004773282445967197
0.0016440687468275428
0.0034171780571341515
0.002524401992559433
0.0008639373118057847
0.0015237979823723435
0.0018584219506010413
0.003392165759578347
0.0023557727690786123
0.006875678896903992
0.0022344563622027636
0.0029775199946016073
0.003038257360458374
0.0021718982607126236
0.001767474226653576
0.0026910179294645786
0.001986919902265072
0.001211645663715899
0.0036485944874584675
0.002678869292140007
0.0026075036730617285
0.002672052476555109
0.003004726255312562
0.002994335489347577
0.004381352104246616
0.00256490265019238
0.002868094015866518
0.000956677133217454
0.0035411661956459284
0.000868423783686012
0.003938047681003809
0.00350063550285995
0.00327790598385036
0.001778815290890634
