4.0
8.0
9.894736842105264
10.105263157894736
29.894736842105264
40.8421052631579
37.26315789473684
49.473684210526315
58.73684210526316
47.36842105263158
54.73684210526316
63.36842105263158
56.63157894736842
61.26315789473684
70.10526315789474
53.473684210526315
65.47368421052632
61.89473684210526
62.526315789473685
62.10526315789474
69.47368421052632
70.52631578947368
72.21052631578948
70.73684210526316
78.73684210526316
81.26315789473684
75.15789473684211
72.0
64.0
75.15789473684211
74.10526315789474
64.63157894736842
84.84210526315789
77.26315789473684
72.84210526315789
69.05263157894737
76.84210526315789
80.42105263157895
82.73684210526316
88.21052631578948
74.3157894736842
77.89473684210526
74.52631578947368
84.21052631578948
79.36842105263158
81.6842105263158
66.10526315789474
86.52631578947368
85.89473684210526
90.3157894736842
73.26315789473684
81.26315789473684
83.78947368421052
82.10526315789474
77.89473684210526
79.78947368421052
79.15789473684211
77.89473684210526
83.78947368421052
73.89473684210526
85.89473684210526
77.26315789473684
78.73684210526316
80.63157894736842
80.84210526315789
84.0
89.47368421052632
88.63157894736842
88.0
87.57894736842105
82.73684210526316
90.10526315789474
88.84210526315789
85.47368421052632
85.6842105263158
84.63157894736842
84.0
85.47368421052632
86.94736842105263
83.78947368421052
86.94736842105263
79.36842105263158
82.3157894736842
94.3157894736842
90.94736842105263
85.26315789473684
79.36842105263158
92.42105263157895
87.78947368421052
91.57894736842105
86.10526315789474
83.57894736842105
90.73684210526316
83.36842105263158
86.94736842105263
90.3157894736842
82.73684210526316
83.57894736842105
91.57894736842105
89.47368421052632
98.52631578947368
85.89473684210526
84.0
80.21052631578948
97.89473684210526
76.42105263157895
93.47368421052632
93.89473684210526
85.05263157894737
81.05263157894737
92.42105263157895
90.94736842105263
87.36842105263158
86.10526315789474
88.0
87.57894736842105
81.47368421052632
88.21052631578948
90.94736842105263
85.05263157894737
87.15789473684211
90.94736842105263
90.3157894736842
91.78947368421052
98.3157894736842
80.21052631578948
87.36842105263158
85.47368421052632
94.52631578947368
85.6842105263158
88.63157894736842
80.84210526315789
89.89473684210526
91.36842105263158
95.78947368421052
88.21052631578948
92.42105263157895
93.6842105263158
88.0
92.63157894736842
95.78947368421052
88.0
83.78947368421052
90.3157894736842
92.42105263157895
91.57894736842105
90.3157894736842
93.05263157894737
82.52631578947368
90.73684210526316
90.73684210526316
88.42105263157895
90.10526315789474
92.42105263157895
95.15789473684211
93.26315789473684
91.57894736842105
90.73684210526316
84.21052631578948
83.78947368421052
91.36842105263158
86.73684210526316
90.73684210526316
87.57894736842105
93.47368421052632
94.10526315789474
95.78947368421052
85.26315789473684
87.36842105263158
89.26315789473684
92.0
90.52631578947368
92.63157894736842
92.0
94.52631578947368
92.63157894736842
89.89473684210526
88.42105263157895
95.15789473684211
89.89473684210526
86.52631578947368
95.78947368421052
85.47368421052632
91.78947368421052
93.6842105263158
93.26315789473684
89.26315789473684
94.94736842105263
94.73684210526316
94.10526315789474
95.15789473684211
96.84210526315789
81.47368421052632
91.57894736842105
90.94736842105263
86.73684210526316
95.78947368421052
96.84210526315789
99.15789473684211
96.0
95.36842105263158
90.52631578947368
96.42105263157895
84.0
76.84210526315789
86.73684210526316
94.52631578947368
90.3157894736842
92.0
81.89473684210526
97.05263157894737
90.94736842105263
96.63157894736842
92.21052631578948
88.63157894736842
88.84210526315789
89.89473684210526
92.21052631578948
94.3157894736842
93.05263157894737
92.84210526315789
96.63157894736842
95.57894736842105
95.57894736842105
94.52631578947368
87.78947368421052
92.21052631578948
94.73684210526316
88.84210526315789
93.89473684210526
95.15789473684211
87.15789473684211
89.26315789473684
81.6842105263158
93.26315789473684
98.10526315789474
92.84210526315789
86.73684210526316
91.36842105263158
89.6842105263158
99.78947368421052
92.21052631578948
95.78947368421052
93.6842105263158
92.0
97.6842105263158
91.57894736842105
99.36842105263158
89.47368421052632
95.78947368421052
94.52631578947368
92.21052631578948
96.84210526315789
94.52631578947368
96.42105263157895
94.10526315789474
92.63157894736842
92.42105263157895
89.26315789473684
94.3157894736842
92.21052631578948
89.6842105263158
95.15789473684211
94.94736842105263
95.36842105263158
94.94736842105263
97.89473684210526
98.10526315789474
91.36842105263158
97.89473684210526
94.3157894736842
98.94736842105263
89.26315789473684
91.78947368421052
94.94736842105263
93.89473684210526
96.42105263157895
96.21052631578948
97.89473684210526
87.15789473684211
92.0
91.36842105263158
93.47368421052632
93.6842105263158
92.0
97.6842105263158
87.36842105263158
89.05263157894737
91.78947368421052
97.89473684210526
98.3157894736842
96.0
96.21052631578948
93.47368421052632
99.15789473684211
94.94736842105263
90.94736842105263
94.3157894736842
97.26315789473684
94.94736842105263
84.42105263157895
95.57894736842105
97.47368421052632
96.0
87.36842105263158
92.84210526315789
93.47368421052632
97.26315789473684
94.94736842105263
92.0
93.89473684210526
93.47368421052632
95.57894736842105
96.63157894736842
96.42105263157895
92.42105263157895
98.10526315789474
97.47368421052632
93.47368421052632
93.89473684210526
94.73684210526316
93.26315789473684
92.84210526315789
92.42105263157895
95.78947368421052
98.94736842105263
96.0
97.26315789473684
98.3157894736842
92.84210526315789
95.78947368421052
94.94736842105263
96.84210526315789
97.47368421052632
98.10526315789474
94.94736842105263
91.78947368421052
97.89473684210526
93.89473684210526
98.3157894736842
94.94736842105263
90.73684210526316
94.10526315789474
97.89473684210526
93.05263157894737
91.57894736842105
93.47368421052632
97.26315789473684
95.78947368421052
97.6842105263158
96.21052631578948
90.94736842105263
96.63157894736842
92.21052631578948
94.52631578947368
94.94736842105263
97.26315789473684
93.89473684210526
97.47368421052632
92.63157894736842
96.21052631578948
100.0
94.73684210526316
94.94736842105263
93.47368421052632
98.10526315789474
95.15789473684211
99.15789473684211
94.94736842105263
99.15789473684211
91.57894736842105
92.84210526315789
97.05263157894737
91.15789473684211
94.10526315789474
96.42105263157895
95.15789473684211
98.52631578947368
93.6842105263158
94.94736842105263
96.21052631578948
96.21052631578948
96.84210526315789
95.15789473684211
94.52631578947368
97.89473684210526
99.15789473684211
98.73684210526316
95.36842105263158
95.36842105263158
94.3157894736842
98.3157894736842
96.21052631578948
97.26315789473684
93.6842105263158
85.6842105263158
92.84210526315789
97.26315789473684
97.89473684210526
97.6842105263158
93.47368421052632
95.15789473684211
94.94736842105263
97.26315789473684
94.73684210526316
95.15789473684211
93.05263157894737
96.84210526315789
94.3157894736842
96.42105263157895
98.52631578947368
94.3157894736842
94.73684210526316
96.84210526315789
96.84210526315789
98.73684210526316
92.63157894736842
94.3157894736842
95.78947368421052
98.73684210526316
92.84210526315789
99.78947368421052
93.47368421052632
98.73684210526316
98.52631578947368
95.57894736842105
96.21052631578948
97.26315789473684
95.78947368421052
94.94736842105263
96.84210526315789
96.63157894736842
92.63157894736842
95.15789473684211
97.05263157894737
93.47368421052632
97.47368421052632
96.63157894736842
98.94736842105263
97.6842105263158
93.6842105263158
97.6842105263158
96.63157894736842
97.47368421052632
97.47368421052632
92.84210526315789
93.47368421052632
93.6842105263158
97.47368421052632
97.47368421052632
88.84210526315789
98.52631578947368
100.0
98.10526315789474
98.10526315789474
94.73684210526316
98.3157894736842
99.57894736842105
96.84210526315789
94.10526315789474
97.47368421052632
97.05263157894737
94.94736842105263
97.89473684210526
98.94736842105263
96.21052631578948
93.6842105263158
97.05263157894737
96.63157894736842
97.05263157894737
98.94736842105263
99.36842105263158
96.63157894736842
96.0
99.15789473684211
92.42105263157895
95.57894736842105
95.36842105263158
96.0
97.26315789473684
98.10526315789474
96.84210526315789
97.6842105263158
97.6842105263158
94.94736842105263
95.78947368421052
96.21052631578948
95.57894736842105
95.36842105263158
95.57894736842105
95.36842105263158
96.21052631578948
95.57894736842105
99.15789473684211
98.10526315789474
99.15789473684211
95.36842105263158
95.78947368421052
94.3157894736842
97.6842105263158
