5.0
4.2105263157894735
3.1578947368421053
2.8947368421052633
3.9473684210526314
4.473684210526316
5.0
5.7894736842105265
7.105263157894737
6.578947368421052
10.0
19.210526315789473
26.31578947368421
30.0
39.21052631578947
40.26315789473684
59.73684210526316
53.68421052631579
42.10526315789474
58.94736842105263
56.31578947368421
49.473684210526315
69.47368421052632
71.3157894736842
65.0
72.63157894736842
61.05263157894737
77.10526315789474
77.10526315789474
60.0
71.57894736842105
67.89473684210526
81.05263157894737
63.68421052631579
70.78947368421052
80.26315789473684
80.0
80.78947368421052
72.10526315789474
78.15789473684211
74.73684210526316
80.26315789473684
69.21052631578948
64.73684210526316
79.47368421052632
83.94736842105263
76.3157894736842
77.89473684210526
81.84210526315789
80.78947368421052
78.94736842105263
91.3157894736842
70.26315789473684
89.73684210526316
89.21052631578948
84.21052631578948
92.36842105263158
75.78947368421052
80.52631578947368
78.42105263157895
93.42105263157895
85.78947368421052
71.84210526315789
80.52631578947368
76.05263157894737
80.52631578947368
80.26315789473684
94.47368421052632
93.94736842105263
90.52631578947368
95.0
90.78947368421052
89.73684210526316
93.94736842105263
85.78947368421052
82.63157894736842
88.15789473684211
86.05263157894737
87.63157894736842
88.42105263157895
72.89473684210526
84.47368421052632
90.0
94.21052631578948
90.52631578947368
88.15789473684211
89.47368421052632
85.26315789473684
90.78947368421052
86.84210526315789
81.84210526315789
90.52631578947368
93.94736842105263
83.6842105263158
88.15789473684211
80.26315789473684
94.73684210526316
91.05263157894737
92.63157894736842
95.52631578947368
97.89473684210526
91.84210526315789
85.52631578947368
85.0
81.05263157894737
85.78947368421052
83.42105263157895
88.6842105263158
81.84210526315789
96.57894736842105
91.3157894736842
97.10526315789474
91.3157894736842
79.21052631578948
85.26315789473684
92.89473684210526
87.63157894736842
92.36842105263158
84.73684210526316
92.10526315789474
92.36842105263158
96.05263157894737
91.05263157894737
89.73684210526316
79.21052631578948
84.73684210526316
87.10526315789474
87.10526315789474
96.3157894736842
78.94736842105263
90.52631578947368
87.89473684210526
94.47368421052632
91.57894736842105
95.52631578947368
87.63157894736842
87.36842105263158
95.0
85.52631578947368
88.6842105263158
83.42105263157895
91.57894736842105
94.47368421052632
89.21052631578948
97.10526315789474
89.21052631578948
94.21052631578948
96.05263157894737
88.6842105263158
96.84210526315789
85.0
97.10526315789474
99.47368421052632
85.78947368421052
95.26315789473684
99.73684210526316
89.21052631578948
92.36842105263158
88.6842105263158
89.47368421052632
94.47368421052632
95.52631578947368
86.3157894736842
99.21052631578948
94.73684210526316
89.47368421052632
89.73684210526316
87.10526315789474
88.94736842105263
92.63157894736842
84.47368421052632
80.26315789473684
92.10526315789474
96.3157894736842
90.78947368421052
86.3157894736842
91.84210526315789
98.42105263157895
93.6842105263158
93.42105263157895
97.36842105263158
81.84210526315789
91.3157894736842
96.05263157894737
95.78947368421052
86.3157894736842
90.0
93.94736842105263
91.3157894736842
92.89473684210526
93.15789473684211
93.15789473684211
96.57894736842105
88.42105263157895
87.10526315789474
91.57894736842105
90.0
79.47368421052632
97.89473684210526
97.10526315789474
93.94736842105263
78.6842105263158
78.42105263157895
84.21052631578948
91.05263157894737
96.3157894736842
87.63157894736842
95.52631578947368
91.84210526315789
94.21052631578948
95.0
94.73684210526316
92.36842105263158
92.36842105263158
98.6842105263158
93.42105263157895
93.42105263157895
89.47368421052632
97.36842105263158
95.78947368421052
93.94736842105263
86.3157894736842
88.15789473684211
93.6842105263158
96.05263157894737
94.21052631578948
94.47368421052632
93.6842105263158
92.89473684210526
80.52631578947368
96.05263157894737
97.10526315789474
89.47368421052632
92.63157894736842
85.26315789473684
93.6842105263158
96.05263157894737
94.73684210526316
97.89473684210526
90.52631578947368
97.63157894736842
88.42105263157895
96.84210526315789
92.63157894736842
94.47368421052632
94.73684210526316
94.47368421052632
98.6842105263158
93.6842105263158
96.84210526315789
97.63157894736842
98.94736842105263
96.3157894736842
91.57894736842105
93.94736842105263
91.57894736842105
93.15789473684211
98.42105263157895
97.10526315789474
95.0
97.63157894736842
98.15789473684211
98.6842105263158
90.78947368421052
97.36842105263158
95.26315789473684
95.52631578947368
92.63157894736842
96.57894736842105
93.94736842105263
100.0
97.10526315789474
95.0
96.3157894736842
97.89473684210526
94.21052631578948
96.05263157894737
91.84210526315789
94.73684210526316
96.3157894736842
95.0
94.21052631578948
92.89473684210526
97.89473684210526
95.26315789473684
94.73684210526316
98.42105263157895
96.57894736842105
93.15789473684211
97.63157894736842
98.42105263157895
99.73684210526316
98.6842105263158
95.26315789473684
94.73684210526316
93.15789473684211
92.36842105263158
96.84210526315789
92.89473684210526
97.89473684210526
97.63157894736842
98.42105263157895
96.3157894736842
97.10526315789474
98.15789473684211
98.94736842105263
93.15789473684211
99.21052631578948
95.78947368421052
93.42105263157895
98.42105263157895
93.94736842105263
94.73684210526316
94.21052631578948
98.42105263157895
95.78947368421052
94.47368421052632
94.21052631578948
93.6842105263158
97.63157894736842
98.94736842105263
99.21052631578948
99.21052631578948
98.6842105263158
98.15789473684211
98.94736842105263
98.6842105263158
98.15789473684211
92.36842105263158
90.26315789473684
96.84210526315789
97.89473684210526
97.63157894736842
97.89473684210526
96.3157894736842
96.57894736842105
95.26315789473684
99.73684210526316
98.94736842105263
97.89473684210526
93.15789473684211
98.6842105263158
96.3157894736842
93.15789473684211
98.6842105263158
97.63157894736842
99.73684210526316
98.94736842105263
97.10526315789474
95.52631578947368
90.78947368421052
100.0
100.0
99.21052631578948
92.89473684210526
92.36842105263158
97.89473684210526
98.42105263157895
88.15789473684211
93.15789473684211
100.0
100.0
93.15789473684211
93.15789473684211
98.15789473684211
97.36842105263158
96.84210526315789
93.94736842105263
95.26315789473684
100.0
98.15789473684211
95.26315789473684
96.3157894736842
96.05263157894737
95.0
96.05263157894737
94.73684210526316
97.10526315789474
100.0
93.15789473684211
91.3157894736842
96.3157894736842
94.73684210526316
96.84210526315789
88.15789473684211
93.6842105263158
97.10526315789474
86.3157894736842
98.42105263157895
96.84210526315789
98.15789473684211
98.42105263157895
97.36842105263158
96.05263157894737
100.0
99.21052631578948
99.47368421052632
93.15789473684211
92.10526315789474
100.0
95.26315789473684
98.6842105263158
96.84210526315789
97.63157894736842
98.94736842105263
98.6842105263158
98.6842105263158
98.15789473684211
95.26315789473684
95.26315789473684
96.57894736842105
100.0
99.47368421052632
98.42105263157895
96.3157894736842
100.0
99.73684210526316
96.84210526315789
99.73684210526316
94.47368421052632
89.47368421052632
95.0
99.21052631578948
97.89473684210526
97.36842105263158
98.42105263157895
92.10526315789474
96.57894736842105
93.6842105263158
100.0
93.6842105263158
95.0
99.73684210526316
95.26315789473684
96.05263157894737
97.36842105263158
100.0
100.0
98.15789473684211
98.6842105263158
95.52631578947368
97.63157894736842
96.84210526315789
100.0
93.15789473684211
100.0
97.89473684210526
99.21052631578948
99.73684210526316
92.36842105263158
94.21052631578948
95.78947368421052
96.3157894736842
97.36842105263158
93.42105263157895
95.0
94.21052631578948
94.73684210526316
95.52631578947368
95.52631578947368
97.89473684210526
100.0
96.57894736842105
97.10526315789474
96.57894736842105
97.63157894736842
96.84210526315789
95.52631578947368
95.0
92.63157894736842
100.0
93.6842105263158
93.15789473684211
96.3157894736842
99.21052631578948
92.89473684210526
100.0
100.0
99.73684210526316
95.0
99.73684210526316
97.36842105263158
98.6842105263158
93.42105263157895
100.0
96.3157894736842
94.21052631578948
94.21052631578948
98.6842105263158
96.84210526315789
97.36842105263158
98.94736842105263
98.6842105263158
96.3157894736842
98.6842105263158
95.0
96.57894736842105
98.6842105263158
93.6842105263158
94.47368421052632
