0.26091551780700684
0.054539911448955536
0.05089160054922104
0.050670966506004333
0.05041598528623581
0.05041012167930603
0.050546009093523026
0.05028724670410156
0.05005829408764839
0.0493738017976284
0.0487716905772686
0.04577355459332466
0.04253489896655083
0.046297237277030945
0.03816495090723038
0.036113157868385315
0.030641289427876472
0.03449263796210289
0.03773103654384613
0.02993818372488022
0.03141738474369049
0.03445762023329735
0.026380669325590134
0.02706023119390011
0.029844975098967552
0.024642392992973328
0.029850829392671585
0.021976424381136894
0.02358938194811344
0.033099137246608734
0.025055324658751488
0.027613071724772453
0.022038670256733894
0.027642425149679184
0.024854296818375587
0.020335126668214798
0.02264299802482128
0.019352642819285393
0.023350084200501442
0.0209012720733881
0.02226794697344303
0.02174542285501957
0.023984719067811966
0.02750151976943016
0.019840221852064133
0.016573835164308548
0.019963979721069336
0.020655237138271332
0.019194642081856728
0.020289864391088486
0.02139451913535595
0.012336423620581627
0.02717290259897709
0.017473280429840088
0.01262093149125576
0.013799956068396568
0.011157444678246975
0.020172635093331337
0.018141061067581177
0.017354080453515053
0.012600719928741455
0.014084139838814735
0.021386509761214256
0.019467763602733612
0.018925311043858528
0.016840845346450806
0.017515823245048523
0.009831259027123451
0.00897521898150444
0.00892829243093729
0.009479992091655731
0.013402890413999557
0.010187194682657719
0.00878212507814169
0.01670377515256405
0.015723584219813347
0.01229164469987154
0.012842451222240925
0.010415717028081417
0.012806236743927002
0.018293581902980804
0.013694187626242638
0.009514352306723595
0.00736292963847518
0.01548236608505249
0.00926115270704031
0.010926405899226665
0.013068302534520626
0.010752448812127113
0.010523034259676933
0.012482932768762112
0.010715299285948277
0.00799903366714716
0.019383462145924568
0.009566041640937328
0.01913715898990631
0.00629171309992671
0.007520869839936495
0.006205857265740633
0.007308893371373415
0.004879490472376347
0.009350539185106754
0.012645859271287918
0.010512879118323326
0.01509381365031004
0.012311635538935661
0.014623777940869331
0.008917681872844696
0.015163789503276348
0.00471858773380518
0.0088061997666955
0.005126329138875008
0.008308210410177708
0.013224637135863304
0.01271287351846695
0.005552947986871004
0.008902975358068943
0.005394706968218088
0.011301117017865181
0.008287590928375721
0.006689137779176235
0.005506265442818403
0.009173440746963024
0.009265762753784657
0.01598554663360119
0.012143000029027462
0.011829058639705181
0.008983512409031391
0.005553657189011574
0.01377839595079422
0.008247995749115944
0.010000579990446568
0.005416534375399351
0.008596464060246944
0.0040926444344222546
0.011335792019963264
0.009895510971546173
0.006023137364536524
0.011722718365490437
0.007387414108961821
0.012088276445865631
0.006970702204853296
0.005762823857367039
0.007975777611136436
0.003761599538847804
0.008512653410434723
0.004685710184276104
0.005117855966091156
0.010299595072865486
0.005340174771845341
0.012633913196623325
0.004632848780602217
0.003503665328025818
0.010774826630949974
0.005281474906951189
0.0022302872966974974
0.007767706178128719
0.005851916037499905
0.007462426088750362
0.009146876633167267
0.00510679604485631
0.005261078476905823
0.009167381562292576
0.002488918835297227
0.005604573991149664
0.00816258043050766
0.007162468507885933
0.010334217920899391
0.009396608918905258
0.0058726295828819275
0.010536287911236286
0.012456840835511684
0.006549833808094263
0.00453481450676918
0.007668782025575638
0.009640827775001526
0.006907142698764801
0.002673152834177017
0.005729772616177797
0.00626427261158824
0.004147737752646208
0.01389873307198286
0.007427813485264778
0.003372053150087595
0.004267203621566296
0.010315364226698875
0.006755248177796602
0.006698690354824066
0.0066340272314846516
0.0068883029744029045
0.005171068944036961
0.007248851470649242
0.005593544337898493
0.008110016584396362
0.010184528306126595
0.006946395616978407
0.007339912932366133
0.012605929747223854
0.004481744021177292
0.0033475824166089296
0.005958427209407091
0.019591109827160835
0.015405718237161636
0.011869875714182854
0.007811369840055704
0.0029813237488269806
0.009041635319590569
0.005847946275025606
0.005945325363427401
0.005885895807296038
0.006851344369351864
0.005004603415727615
0.006060270592570305
0.0075538200326263905
0.002945567946881056
0.004973133094608784
0.004575737286359072
0.008870694786310196
0.0031980457715690136
0.003946950659155846
0.005257769953459501
0.009918659925460815
0.008631936274468899
0.0063692256808280945
0.004147142171859741
0.005389634985476732
0.0036529619246721268
0.00589724350720644
0.005676229950040579
0.012787235900759697
0.0042628818191587925
0.0027071179356426
0.007198994047939777
0.007894341833889484
0.011604130268096924
0.005503412336111069
0.0041949087753891945
0.004250739235430956
0.004084741231054068
0.008155656978487968
0.002454697387292981
0.012409026734530926
0.0031628382857888937
0.007107644807547331
0.004084987565875053
0.0038901292718946934
0.004327892325818539
0.0022781523875892162
0.007680060341954231
0.003036216367036104
0.0023248931393027306
0.002661333419382572
0.005125890020281076
0.007662488613277674
0.004179308190941811
0.0057975235395133495
0.004815416410565376
0.0015195386949926615
0.0034504160284996033
0.005714594852179289
0.0033070205245167017
0.0021288925781846046
0.0014953060308471322
0.0077011846005916595
0.002732011489570141
0.002891484647989273
0.0031458046287298203
0.005316251888871193
0.003894536755979061
0.0040959869511425495
0.002198043977841735
0.003741669235751033
0.0048731546849012375
0.0035842587240040302
0.0021818997338414192
0.004646164830774069
0.004340726882219315
0.006291332188993692
0.0058424752205610275
0.006315374746918678
0.0050839614123106
0.006457631476223469
0.006924644578248262
0.0017024115659296513
0.0034933399874716997
0.003964568953961134
0.0011566459434106946
0.004164893180131912
0.005350248888134956
0.00223456765525043
0.003669616999104619
0.0006297078798525035
0.001287495600990951
0.004331696312874556
0.004369127098470926
0.005106001626700163
0.005096562206745148
0.003548290580511093
0.00618944363668561
0.0015846925089135766
0.00407967297360301
0.0013110351283103228
0.004051972180604935
0.003146740375086665
0.00385666242800653
0.0010502539807930589
0.004413176793605089
0.0017944634892046452
0.0032584865111857653
0.00637693889439106
0.0016132411547005177
0.0034809820353984833
0.005941902752965689
0.006121351849287748
0.0018205317901447415
0.0036845803260803223
0.003395023290067911
0.004110135603696108
0.005353748332709074
0.0018007982289418578
0.0013037447351962328
0.0011207438074052334
0.0008147655753418803
0.0024424553848803043
0.0034630049485713243
0.000990745727904141
0.005528644192963839
0.0058394428342580795
0.005091820377856493
0.007544708903878927
0.00265161762945354
0.001692224177531898
0.002665551146492362
0.0014041762333363295
0.002855592407286167
0.0023916305508464575
0.00535084493458271
0.0007477988838218153
0.001646481454372406
0.0016472093993797898
0.005181469023227692
0.0022388328798115253
0.0038718590512871742
0.0047912392765283585
0.0028413585387170315
0.0017761372728273273
0.000626371125690639
0.003311250824481249
0.0024645563680678606
0.004637640900909901
0.007836372591555119
0.00040925556095317006
0.000755815883167088
0.0013014846481382847
0.00410046149045229
0.005432610400021076
0.001792420633137226
0.0023816630709916353
0.007302701473236084
0.005671186838299036
0.00035257061244919896
0.0016038297908380628
0.004158484749495983
0.005285887513309717
0.002404211787506938
0.0037352375220507383
0.0025269866455346346
0.005678687244653702
0.003836214542388916
0.0006522248731926084
0.0020742472261190414
0.0034512176644057035
0.004146959632635117
0.002442319178953767
0.004449492786079645
0.0036297293845564127
0.005571817979216576
0.0024917495902627707
0.00034561692154966295
0.005932806525379419
0.005494745913892984
0.0038263669703155756
0.003863227553665638
0.0020568969193845987
0.00833462830632925
0.004720067139714956
0.0022039758041501045
0.011207174509763718
0.0025018455926328897
0.002327313646674156
0.0027909409254789352
0.0016025769291445613
0.0029622106812894344
0.002742145676165819
0.0006070370436646044
0.0007970489677973092
0.00043090328108519316
0.007041189353913069
0.005074793007224798
0.0006189485429786146
0.0034259005915373564
0.001406224793754518
0.0019689188338816166
0.002978494856506586
0.0009156569140031934
0.0015711227897554636
0.0011816483456641436
0.0021195998415350914
0.003850079607218504
0.005592417903244495
0.004121068399399519
0.0007460080669261515
0.0011781578650698066
0.009298887103796005
0.005681268405169249
0.0005184413748793304
0.0015476108528673649
0.005929808132350445
0.0005551489884965122
0.005875957664102316
0.008448625914752483
0.003552827751263976
0.0015591676346957684
0.001698826439678669
0.0023015036713331938
0.002045032102614641
0.008677150122821331
0.0029035836923867464
0.004936154931783676
0.0016442505875602365
0.005230891518294811
0.0033896644599735737
0.0005504618166014552
0.003888305276632309
0.003000437980517745
0.003985448274761438
0.0004150225140620023
0.00043257116340100765
0.003914337605237961
0.0007944924291223288
0.004400657955557108
0.0014613542007282376
0.003336290828883648
0.0015963581390678883
0.0038210342172533274
0.00037282175617292523
0.002082173014059663
0.0006220748764462769
0.0018757365178316832
0.005156076978892088
0.005707046948373318
0.005766105372458696
0.003953025676310062
0.0016678220126777887
0.004336874932050705
0.005364896729588509
0.006237667053937912
0.0037295252550393343
0.003874346613883972
0.0031796370167285204
0.0015761711401864886
0.0014593664091080427
0.00515996478497982
0.0028520068153738976
0.0031410653609782457
0.0020443880930542946
0.0017998318653553724
0.003921100404113531
0.0032066761050373316
0.007676706649363041
0.0005125758470967412
0.004685873631387949
0.004242162220180035
0.0027584696654230356
0.0005996785475872457
0.00708002271130681
0.0008500811527483165
0.0005722983623854816
0.0015774975763633847
0.0032216187100857496
0.0007699858397245407
0.0031506698578596115
0.0011419225484132767
0.004829872399568558
0.0003617269976530224
0.0022344524040818214
0.008406839333474636
0.005657230969518423
0.0007715323590673506
0.002442434662953019
0.0019420550670474768
0.0009379368857480586
0.0014942698180675507
0.0029609675984829664
0.0014430024893954396
0.003990779630839825
0.0023907616268843412
0.0024046117905527353
0.0037945087533444166
0.0033691436983644962
