0.05007034167647362
0.05003469064831734
0.05020860210061073
0.05034765601158142
0.05027811601758003
0.05048773065209389
0.050086043775081635
0.050086792558431625
0.05020853877067566
0.05013901740312576
0.05017351359128952
0.05041699483990669
0.05048645660281181
0.05020846426486969
0.05020841583609581
0.050277914851903915
0.05022561922669411
0.05027790367603302
0.050277844071388245
0.05001716688275337
0.05036440119147301
0.05027758702635765
0.0501427948474884
0.05008654668927193
0.0500696636736393
0.05034705251455307
0.05006959289312363
0.050555139780044556
0.050277434289455414
0.050208207219839096
0.05013858526945114
0.05041614547371864
0.0498783178627491
0.05020802468061447
0.05006937310099602
0.050138868391513824
0.05041585490107536
0.050138603895902634
0.05029406398534775
0.050277162343263626
0.050138652324676514
0.050277724862098694
0.05022045224905014
0.050069231539964676
0.05001663789153099
0.050277937203645706
0.04994819685816765
0.05013839527964592
0.05022426322102547
0.0500691719353199
0.04999999701976776
0.05013826861977577
0.05002341419458389
0.050280164927244186
0.050207871943712234
0.0500691682100296
0.05048353970050812
0.05013812333345413
0.05028687044978142
0.05034779757261276
0.05020931363105774
0.050276029855012894
0.05022341385483742
0.05020694062113762
0.05034084990620613
0.04999978840351105
0.04999455437064171
0.050482358783483505
0.050345227122306824
0.05034520849585533
0.050206586718559265
0.050137683749198914
0.05008488893508911
0.05013534426689148
0.04994736239314079
0.05008485168218613
0.05013784021139145
0.050412457436323166
0.05027487128973007
0.05034344643354416
0.050343383103609085
0.050275057554244995
0.050068896263837814
0.05022062361240387
0.05008355900645256
0.05020656809210777
0.05013714358210564
0.05020573362708092
0.05027414858341217
0.05020519718527794
0.05041090399026871
0.05013692006468773
0.05015241727232933
0.05041050165891647
0.05041037127375603
0.049878209829330444
0.05020517855882645
0.050273314118385315
0.050341907888650894
0.0500837005674839
0.050272513180971146
0.05040939524769783
0.04987870901823044
0.05020458996295929
0.050204452127218246
0.05015139281749725
0.05001496523618698
0.05008303001523018
0.05020423233509064
0.050340116024017334
0.05020403116941452
0.050334833562374115
0.05014408379793167
0.050135478377342224
0.0500679612159729
0.05013566091656685
0.05019919574260712
0.05033891275525093
0.05027134716510773
0.05027090385556221
0.05006856098771095
0.049879297614097595
0.0502028688788414
0.05027051270008087
0.050321370363235474
0.05020297318696976
0.05020245909690857
0.05013437196612358
0.05013447627425194
0.05026968568563461
0.050202082842588425
0.05013428255915642
0.050134655088186264
0.0503334142267704
0.05021371319890022
0.05020228028297424
0.050069183111190796
0.050338372588157654
0.05040222033858299
0.05019329488277435
0.05009130388498306
0.05028432235121727
0.05033397674560547
0.05000031366944313
0.05013076961040497
0.05026803910732269
0.05026739090681076
0.05009027197957039
0.050145313143730164
0.05007901415228844
0.050066933035850525
0.05013473704457283
0.050326865166425705
0.05009887367486954
0.05002523213624954
0.05025319755077362
0.05028850585222244
0.05019787698984146
0.050208866596221924
0.050077054649591446
0.05026291310787201
0.05039411783218384
0.050131287425756454
0.0501968152821064
0.050327811390161514
0.04987981542944908
0.050261929631233215
0.05007614940404892
0.05007602274417877
0.05039200559258461
0.05026113986968994
0.04999999701976776
0.05026077851653099
0.050065141171216965
0.05045565962791443
0.050130099058151245
0.050260018557310104
0.05019485205411911
0.050389401614665985
0.05006484314799309
0.05026886984705925
0.05012945830821991
0.050129350274801254
0.05019386112689972
0.0501936711370945
0.0501289889216423
0.05045105144381523
0.05019312724471092
0.050192926079034805
0.05013737455010414
0.050256773829460144
0.05019237846136093
0.05006406456232071
0.05032002925872803
0.050191812217235565
0.05006387084722519
0.05025525391101837
0.05025501176714897
0.05019105225801468
0.05012725293636322
0.05013491213321686
0.05050795525312424
0.050063423812389374
0.050063356757164
0.050126589834690094
0.05007047951221466
0.05018945038318634
0.050189245492219925
0.05018904060125351
0.05031469836831093
0.05044012889266014
0.05006278306245804
0.050188098102808
0.05006890371441841
0.05018756911158562
0.050249747931957245
0.05031174048781395
0.05049818009138107
0.050310906022787094
0.05024838447570801
0.05037209391593933
0.05024770274758339
0.05024736747145653
0.0499432235956192
0.05024665221571922
0.05018473044037819
0.05049193277955055
0.0503070205450058
0.050306566059589386
0.05012240633368492
0.050183333456516266
0.05018306151032448
0.050243716686964035
0.05030417814850807
0.05012144893407822
0.05018189921975136
0.05018159747123718
0.049942515790462494
0.050301678478717804
0.04994504898786545
0.050120264291763306
0.05018005892634392
0.05011982098221779
0.050059787929058075
0.05023869872093201
0.050239890813827515
0.05035675689578056
0.050237398594617844
0.05017876997590065
0.0501190684735775
0.05017705634236336
0.050117917358875275
0.05017731711268425
0.05005883425474167
0.050235576927661896
0.05035233870148659
0.050234679132699966
0.050293032079935074
0.05000017583370209
0.05029231682419777
0.05011676624417305
0.05017494410276413
0.05023300647735596
0.05017458274960518
0.05005812644958496
0.050174206495285034
0.050174035131931305
0.050115916877985
0.050057895481586456
0.050057828426361084
0.050172220915555954
0.050115395337343216
0.05023055151104927
0.05017268657684326
0.05022994428873062
0.05022964999079704
0.05022928863763809
0.050171781331300735
0.05068620294332504
0.050399623811244965
0.05011183023452759
0.050170768052339554
0.05017051845788956
0.05011351406574249
0.050226710736751556
0.05016978830099106
0.050056520849466324
0.050169363617897034
0.05022553727030754
0.05033791437745094
0.05028115212917328
0.05028076842427254
0.05005253478884697
0.05016803368926048
0.05022372305393219
0.05011170729994774
0.05011153966188431
0.05022271350026131
0.05011118948459625
0.050222042948007584
0.049824681133031845
0.050166018307209015
0.05005526542663574
0.05016551539301872
0.050110168755054474
0.05005499720573425
0.05010983347892761
0.049939777702093124
0.05016415938735008
0.05010922625660896
0.050163522362709045
0.05010882019996643
0.05043444037437439
0.0503251776099205
0.05016227811574936
0.05021600052714348
0.05016172304749489
0.05026908218860626
0.05021493881940842
0.05004650354385376
0.05005353316664696
0.05021372437477112
0.04999244213104248
0.05021282657980919
0.05010613426566124
0.05015883222222328
0.05021138861775398
0.05026376619935036
0.050052642822265625
0.049991291016340256
0.05020963028073311
0.0501568466424942
0.05025166645646095
0.05015617609024048
0.05004243180155754
0.04999999701976776
0.05015501007437706
0.05020614713430405
0.05020561441779137
0.050194595009088516
0.0501534529030323
0.050153058022260666
0.05010181665420532
0.05020316690206528
0.05015193670988083
0.05015147104859352
0.05003861337900162
0.0502009317278862
0.05020046606659889
0.050099946558475494
0.050298962742090225
0.050149060785770416
0.05003669857978821
0.05004940554499626
0.05019702389836311
0.05009819194674492
0.05009787157177925
0.05008364096283913
0.05009724199771881
0.0501311831176281
0.05019335076212883
0.05001874268054962
0.05028796195983887
0.050128303468227386
0.05012770742177963
0.0500950925052166
0.050142232328653336
0.05023624375462532
0.05037672817707062
0.05023464560508728
0.05003020167350769
0.05013984069228172
0.04993654415011406
0.05023163557052612
0.05018468573689461
0.04999999701976776
0.04993636906147003
0.05013725534081459
0.050091180950403214
0.050027135759592056
0.05013582482933998
0.050090208649635315
0.050314489752054214
0.050223760306835175
0.05026751756668091
0.050113581120967865
0.050132688134908676
0.050088074058294296
0.05013160780072212
0.05004369840025902
0.05008707195520401
0.05013009160757065
0.05021582916378975
0.05012893304228783
0.050042808055877686
0.05017057806253433
0.050084955990314484
0.05008459463715553
0.050168443471193314
0.050041913986206055
0.05029227212071419
0.04997678101062775
0.05024813115596771
0.05012352019548416
0.0501229390501976
0.050122424960136414
0.050040628761053085
0.050056349486112595
0.050080571323633194
0.04995003715157509
0.05001465603709221
0.05009349435567856
0.050118446350097656
0.05007864162325859
0.050156526267528534
0.050155751407146454
0.050012167543172836
0.05003854259848595
0.05020296946167946
0.05008700489997864
0.05011377111077309
0.05015089735388756
0.05007506161928177
0.050186749547719955
0.05011148378252983
0.050110895186662674
0.050073545426130295
0.050109684467315674
0.05000714957714081
0.050108619034290314
0.05014408379793167
0.05017918720841408
0.050106968730688095
0.049969788640737534
0.050105877220630646
0.0500701479613781
0.05010465532541275
0.050138723105192184
0.05003446713089943
0.05006857216358185
0.050102271139621735
0.050101734697818756
0.050001684576272964
0.050067126750946045
0.05006679147481918
0.0501660518348217
0.0501321479678154
0.05009860917925835
0.050032682716846466
0.05013008043169975
0.05012821406126022
0.05009504407644272
0.05009598284959793
0.05012720823287964
0.05009493976831436
0.05003147944808006
0.050093889236450195
0.05009327828884125
0.04999610036611557
0.05003071576356888
0.0501222126185894
0.050091251730918884
0.0500907227396965
0.05002451688051224
0.050119418650865555
0.0500890351831913
0.04999338835477829
0.05002927407622337
0.050116267055273056
0.05002885311841965
0.05011469125747681
0.05008544772863388
0.05002829432487488
0.05008433014154434
0.05011172592639923
0.05008319020271301
0.04999999701976776
0.05008212849497795
0.05010881647467613
0.050080981105566025
0.05010714381933212
0.050186287611722946
0.04999999701976776
0.04996118322014809
0.05007811635732651
0.05012928694486618
0.05007709562778473
0.050051044672727585
0.05007603392004967
0.050125978887081146
0.050050053745508194
0.050124164670705795
0.05004927143454552
0.050097960978746414
0.050048697739839554
0.05003223568201065
0.05002397671341896
0.05002380907535553
0.05014175921678543
0.05011727288365364
