7.368421052631579
6.842105263157895
4.2105263157894735
6.052631578947368
5.526315789473684
9.473684210526315
8.68421052631579
5.0
7.631578947368421
5.7894736842105265
6.315789473684211
4.2105263157894735
8.157894736842104
9.210526315789474
7.368421052631579
5.7894736842105265
5.526315789473684
6.052631578947368
5.0
7.105263157894737
7.894736842105263
8.157894736842104
6.842105263157895
6.578947368421052
6.315789473684211
4.7368421052631575
7.631578947368421
7.631578947368421
7.105263157894737
6.052631578947368
6.842105263157895
6.315789473684211
5.2631578947368425
7.368421052631579
6.052631578947368
7.631578947368421
5.0
7.368421052631579
9.210526315789474
6.315789473684211
5.526315789473684
5.0
5.2631578947368425
10.526315789473685
8.157894736842104
7.631578947368421
9.473684210526315
7.894736842105263
7.894736842105263
5.0
5.526315789473684
5.0
9.473684210526315
7.631578947368421
9.210526315789474
6.052631578947368
3.4210526315789473
5.7894736842105265
6.315789473684211
4.473684210526316
6.842105263157895
5.0
6.578947368421052
6.315789473684211
6.315789473684211
6.842105263157895
7.631578947368421
6.052631578947368
5.7894736842105265
6.052631578947368
6.052631578947368
6.842105263157895
9.736842105263158
3.4210526315789473
5.0
6.315789473684211
7.368421052631579
8.68421052631579
7.894736842105263
5.7894736842105265
6.578947368421052
10.263157894736842
6.052631578947368
7.105263157894737
8.421052631578947
10.263157894736842
6.842105263157895
6.578947368421052
8.157894736842104
9.736842105263158
7.368421052631579
5.526315789473684
6.052631578947368
4.7368421052631575
5.7894736842105265
5.2631578947368425
5.2631578947368425
5.7894736842105265
9.210526315789474
8.157894736842104
6.578947368421052
6.315789473684211
6.842105263157895
6.578947368421052
5.0
8.68421052631579
4.473684210526316
3.6842105263157894
6.578947368421052
6.052631578947368
8.157894736842104
4.7368421052631575
6.578947368421052
6.578947368421052
4.7368421052631575
7.631578947368421
6.578947368421052
6.052631578947368
5.7894736842105265
6.315789473684211
4.473684210526316
7.894736842105263
8.421052631578947
7.368421052631579
5.7894736842105265
5.7894736842105265
4.2105263157894735
8.68421052631579
7.894736842105263
5.2631578947368425
4.473684210526316
6.578947368421052
4.473684210526316
5.7894736842105265
3.1578947368421053
7.368421052631579
6.052631578947368
7.894736842105263
7.894736842105263
8.157894736842104
5.0
7.368421052631579
7.894736842105263
4.473684210526316
6.578947368421052
6.052631578947368
7.368421052631579
7.894736842105263
6.315789473684211
5.526315789473684
7.105263157894737
7.105263157894737
7.368421052631579
8.157894736842104
7.105263157894737
4.7368421052631575
10.0
8.157894736842104
5.2631578947368425
5.2631578947368425
4.7368421052631575
5.0
5.2631578947368425
5.0
5.0
5.526315789473684
5.2631578947368425
5.526315789473684
5.2631578947368425
5.0
4.7368421052631575
5.526315789473684
5.2631578947368425
5.2631578947368425
5.2631578947368425
5.0
6.315789473684211
5.2631578947368425
5.0
5.2631578947368425
5.2631578947368425
5.2631578947368425
5.0
5.2631578947368425
5.526315789473684
5.0
5.0
5.0
5.526315789473684
5.2631578947368425
5.0
5.2631578947368425
5.0
5.0
5.526315789473684
5.2631578947368425
5.526315789473684
5.0
5.526315789473684
4.7368421052631575
5.7894736842105265
5.0
5.0
6.052631578947368
5.0
5.7894736842105265
5.2631578947368425
5.2631578947368425
5.526315789473684
4.7368421052631575
5.0
5.2631578947368425
5.0
5.2631578947368425
5.0
5.0
5.0
4.7368421052631575
5.2631578947368425
5.0
5.0
5.0
5.0
5.2631578947368425
5.0
5.526315789473684
5.0
4.2105263157894735
5.0
5.0
5.2631578947368425
5.2631578947368425
5.0
4.473684210526316
5.0
5.0
5.2631578947368425
5.2631578947368425
5.0
5.7894736842105265
5.0
5.2631578947368425
5.0
5.0
5.0
5.0
5.2631578947368425
5.7894736842105265
5.2631578947368425
5.526315789473684
5.2631578947368425
5.0
5.7894736842105265
6.315789473684211
5.2631578947368425
5.526315789473684
5.0
4.7368421052631575
5.7894736842105265
5.2631578947368425
5.2631578947368425
5.2631578947368425
5.2631578947368425
5.0
5.0
5.0
5.0
5.7894736842105265
5.7894736842105265
5.2631578947368425
5.2631578947368425
4.7368421052631575
5.2631578947368425
5.0
5.2631578947368425
5.0
5.2631578947368425
5.526315789473684
5.526315789473684
4.7368421052631575
5.526315789473684
5.0
5.0
5.526315789473684
5.0
4.473684210526316
5.0
5.2631578947368425
5.526315789473684
4.473684210526316
5.2631578947368425
5.0
5.526315789473684
5.0
5.0
5.2631578947368425
5.526315789473684
5.0
5.526315789473684
5.526315789473684
5.2631578947368425
5.0
4.7368421052631575
5.526315789473684
5.0
5.526315789473684
5.2631578947368425
5.2631578947368425
5.0
5.0
5.0
5.2631578947368425
5.0
5.0
5.0
5.2631578947368425
5.0
5.526315789473684
5.2631578947368425
5.2631578947368425
5.0
5.7894736842105265
5.0
4.7368421052631575
5.0
5.0
5.2631578947368425
4.7368421052631575
5.0
5.2631578947368425
5.526315789473684
5.0
5.526315789473684
5.0
5.2631578947368425
5.0
5.526315789473684
5.0
5.2631578947368425
5.2631578947368425
5.7894736842105265
5.0
5.0
5.0
5.7894736842105265
5.2631578947368425
5.526315789473684
5.2631578947368425
5.0
5.526315789473684
5.0
5.0
5.0
5.2631578947368425
4.7368421052631575
5.0
5.7894736842105265
5.526315789473684
5.0
5.526315789473684
5.526315789473684
5.526315789473684
5.2631578947368425
5.0
5.2631578947368425
5.526315789473684
5.526315789473684
5.2631578947368425
5.526315789473684
4.7368421052631575
5.2631578947368425
5.0
5.2631578947368425
5.2631578947368425
5.2631578947368425
5.0
5.7894736842105265
4.7368421052631575
5.0
5.2631578947368425
5.0
5.2631578947368425
5.0
5.2631578947368425
5.0
5.2631578947368425
5.0
5.0
5.2631578947368425
5.2631578947368425
5.0
5.0
5.0
4.7368421052631575
5.0
4.7368421052631575
5.2631578947368425
5.0
5.526315789473684
5.0
5.7894736842105265
5.526315789473684
5.7894736842105265
5.0
5.2631578947368425
5.0
5.2631578947368425
5.7894736842105265
5.2631578947368425
5.526315789473684
5.2631578947368425
5.2631578947368425
5.2631578947368425
5.0
5.7894736842105265
5.7894736842105265
5.526315789473684
5.2631578947368425
5.7894736842105265
5.526315789473684
5.0
4.7368421052631575
5.2631578947368425
5.0
5.2631578947368425
4.7368421052631575
5.2631578947368425
4.7368421052631575
5.2631578947368425
5.0
5.2631578947368425
5.0
5.2631578947368425
5.2631578947368425
5.0
5.526315789473684
5.2631578947368425
4.7368421052631575
5.2631578947368425
5.0
5.2631578947368425
5.0
5.2631578947368425
5.0
5.526315789473684
4.7368421052631575
5.0
5.7894736842105265
5.0
5.0
5.526315789473684
5.0
5.2631578947368425
4.2105263157894735
5.2631578947368425
5.526315789473684
5.0
5.0
5.2631578947368425
5.7894736842105265
4.7368421052631575
5.0
4.7368421052631575
5.2631578947368425
5.0
6.052631578947368
5.526315789473684
5.0
4.7368421052631575
5.2631578947368425
4.7368421052631575
5.2631578947368425
5.7894736842105265
5.0
5.2631578947368425
4.7368421052631575
5.526315789473684
5.0
4.473684210526316
5.0
5.2631578947368425
5.2631578947368425
4.7368421052631575
5.0
5.2631578947368425
5.0
5.2631578947368425
5.0
5.526315789473684
5.0
5.2631578947368425
5.2631578947368425
5.0
5.0
5.0
5.2631578947368425
5.2631578947368425
5.2631578947368425
4.473684210526316
5.2631578947368425
