4.2105263157894735
5.0
3.9473684210526314
5.0
6.578947368421052
7.894736842105263
6.842105263157895
13.68421052631579
12.105263157894736
16.05263157894737
20.789473684210527
25.263157894736842
41.31578947368421
38.1578947368421
46.05263157894737
51.31578947368421
49.21052631578947
50.0
56.8421052631579
47.36842105263158
59.21052631578947
65.78947368421052
66.84210526315789
57.89473684210526
63.1578947368421
63.421052631578945
53.68421052631579
61.31578947368421
53.1578947368421
80.78947368421052
71.3157894736842
59.473684210526315
73.6842105263158
65.52631578947368
62.63157894736842
65.78947368421052
65.26315789473684
78.42105263157895
84.21052631578948
75.26315789473684
69.21052631578948
88.6842105263158
70.78947368421052
74.21052631578948
81.84210526315789
86.05263157894737
68.94736842105263
74.73684210526316
87.10526315789474
70.78947368421052
73.6842105263158
74.73684210526316
86.84210526315789
86.05263157894737
77.63157894736842
88.42105263157895
91.57894736842105
80.26315789473684
67.36842105263158
80.52631578947368
77.36842105263158
85.78947368421052
82.63157894736842
78.94736842105263
64.73684210526316
87.63157894736842
85.26315789473684
79.47368421052632
81.84210526315789
80.52631578947368
87.63157894736842
86.84210526315789
74.21052631578948
83.6842105263158
86.57894736842105
79.21052631578948
86.57894736842105
90.0
83.6842105263158
72.10526315789474
86.84210526315789
85.52631578947368
88.15789473684211
89.21052631578948
86.84210526315789
96.84210526315789
72.89473684210526
88.15789473684211
83.15789473684211
87.89473684210526
87.36842105263158
84.21052631578948
85.52631578947368
87.36842105263158
89.47368421052632
88.42105263157895
84.21052631578948
83.15789473684211
87.63157894736842
82.89473684210526
78.42105263157895
91.05263157894737
96.57894736842105
91.3157894736842
85.26315789473684
86.57894736842105
95.26315789473684
83.42105263157895
82.63157894736842
87.10526315789474
82.36842105263158
94.47368421052632
88.42105263157895
83.42105263157895
81.84210526315789
85.0
92.89473684210526
90.26315789473684
89.21052631578948
76.84210526315789
87.63157894736842
78.42105263157895
83.94736842105263
75.78947368421052
85.26315789473684
82.63157894736842
82.89473684210526
84.21052631578948
91.3157894736842
91.84210526315789
83.15789473684211
74.73684210526316
81.57894736842105
86.05263157894737
94.21052631578948
81.57894736842105
85.52631578947368
94.21052631578948
84.73684210526316
90.26315789473684
86.57894736842105
86.84210526315789
88.15789473684211
92.36842105263158
91.05263157894737
92.36842105263158
91.84210526315789
75.26315789473684
90.26315789473684
84.73684210526316
77.10526315789474
87.89473684210526
90.26315789473684
94.47368421052632
87.10526315789474
82.89473684210526
80.0
95.52631578947368
85.52631578947368
92.36842105263158
71.3157894736842
85.0
84.73684210526316
85.78947368421052
79.73684210526316
90.78947368421052
92.89473684210526
90.52631578947368
90.52631578947368
86.84210526315789
96.3157894736842
91.84210526315789
91.57894736842105
97.36842105263158
95.52631578947368
85.78947368421052
85.52631578947368
86.05263157894737
92.10526315789474
95.78947368421052
88.94736842105263
85.26315789473684
80.0
92.89473684210526
90.26315789473684
91.05263157894737
85.26315789473684
90.26315789473684
88.94736842105263
93.6842105263158
98.15789473684211
89.73684210526316
82.63157894736842
78.42105263157895
77.89473684210526
92.89473684210526
87.36842105263158
87.10526315789474
93.94736842105263
93.6842105263158
91.84210526315789
95.0
87.36842105263158
89.47368421052632
89.73684210526316
99.47368421052632
85.0
88.94736842105263
79.47368421052632
95.26315789473684
89.73684210526316
88.6842105263158
91.84210526315789
85.0
91.3157894736842
92.36842105263158
87.36842105263158
89.47368421052632
95.78947368421052
96.84210526315789
96.3157894736842
90.52631578947368
92.36842105263158
92.10526315789474
95.0
91.3157894736842
93.6842105263158
82.10526315789474
82.10526315789474
88.42105263157895
95.26315789473684
94.21052631578948
88.42105263157895
89.73684210526316
85.52631578947368
96.84210526315789
96.57894736842105
93.94736842105263
91.05263157894737
93.94736842105263
84.47368421052632
90.52631578947368
76.3157894736842
94.73684210526316
93.15789473684211
90.0
84.47368421052632
79.47368421052632
89.47368421052632
86.57894736842105
92.89473684210526
92.89473684210526
90.78947368421052
95.26315789473684
96.3157894736842
94.21052631578948
95.0
85.52631578947368
91.84210526315789
97.36842105263158
95.0
93.15789473684211
98.15789473684211
97.63157894736842
96.84210526315789
85.78947368421052
90.0
96.05263157894737
96.3157894736842
90.78947368421052
97.10526315789474
87.89473684210526
98.42105263157895
88.42105263157895
87.63157894736842
92.63157894736842
88.42105263157895
94.21052631578948
93.94736842105263
86.3157894736842
91.3157894736842
89.47368421052632
97.10526315789474
89.21052631578948
89.21052631578948
93.42105263157895
92.36842105263158
92.63157894736842
96.3157894736842
98.42105263157895
94.47368421052632
97.63157894736842
95.78947368421052
91.84210526315789
91.3157894736842
98.6842105263158
98.15789473684211
94.73684210526316
94.21052631578948
98.6842105263158
78.94736842105263
100.0
84.21052631578948
90.26315789473684
98.94736842105263
92.63157894736842
97.63157894736842
94.73684210526316
97.36842105263158
98.42105263157895
96.05263157894737
87.10526315789474
95.26315789473684
95.26315789473684
94.21052631578948
96.57894736842105
91.05263157894737
88.94736842105263
98.6842105263158
92.63157894736842
93.15789473684211
85.26315789473684
96.05263157894737
92.10526315789474
93.94736842105263
93.42105263157895
98.15789473684211
95.78947368421052
97.36842105263158
86.84210526315789
95.26315789473684
96.05263157894737
96.3157894736842
96.3157894736842
85.26315789473684
98.15789473684211
82.10526315789474
98.6842105263158
95.78947368421052
90.0
97.63157894736842
99.21052631578948
94.47368421052632
96.57894736842105
98.42105263157895
95.0
86.05263157894737
92.10526315789474
93.6842105263158
93.15789473684211
100.0
96.3157894736842
90.78947368421052
97.63157894736842
94.47368421052632
95.0
100.0
93.6842105263158
95.78947368421052
94.73684210526316
96.3157894736842
95.26315789473684
92.89473684210526
92.89473684210526
98.94736842105263
94.73684210526316
98.42105263157895
96.57894736842105
92.63157894736842
99.73684210526316
87.63157894736842
93.94736842105263
100.0
100.0
96.3157894736842
97.36842105263158
97.89473684210526
97.89473684210526
97.63157894736842
92.89473684210526
95.52631578947368
92.63157894736842
95.78947368421052
98.6842105263158
88.42105263157895
99.47368421052632
97.10526315789474
93.94736842105263
91.57894736842105
95.26315789473684
97.89473684210526
93.42105263157895
88.94736842105263
92.36842105263158
95.52631578947368
99.21052631578948
94.73684210526316
89.73684210526316
92.63157894736842
98.6842105263158
98.6842105263158
89.47368421052632
95.52631578947368
97.36842105263158
98.15789473684211
95.78947368421052
95.26315789473684
95.0
94.21052631578948
97.89473684210526
97.89473684210526
96.05263157894737
98.42105263157895
98.6842105263158
92.63157894736842
95.26315789473684
90.78947368421052
96.57894736842105
97.10526315789474
97.89473684210526
93.94736842105263
99.21052631578948
90.52631578947368
97.89473684210526
100.0
90.0
90.52631578947368
94.47368421052632
93.42105263157895
96.57894736842105
98.42105263157895
91.84210526315789
99.73684210526316
100.0
95.0
92.36842105263158
92.10526315789474
95.0
95.52631578947368
93.15789473684211
89.47368421052632
96.05263157894737
96.84210526315789
96.3157894736842
98.6842105263158
98.15789473684211
95.78947368421052
94.21052631578948
96.05263157894737
95.78947368421052
96.84210526315789
97.36842105263158
93.6842105263158
96.05263157894737
94.47368421052632
92.89473684210526
94.21052631578948
97.63157894736842
90.52631578947368
96.84210526315789
100.0
100.0
93.6842105263158
97.63157894736842
97.36842105263158
97.63157894736842
97.36842105263158
96.84210526315789
96.3157894736842
96.84210526315789
96.05263157894737
93.94736842105263
94.21052631578948
96.57894736842105
95.78947368421052
98.15789473684211
99.21052631578948
94.47368421052632
97.63157894736842
98.42105263157895
91.3157894736842
92.63157894736842
98.6842105263158
99.21052631578948
95.78947368421052
95.26315789473684
98.15789473684211
98.42105263157895
98.15789473684211
93.42105263157895
100.0
97.63157894736842
96.3157894736842
98.6842105263158
96.3157894736842
95.52631578947368
98.42105263157895
98.15789473684211
93.42105263157895
98.15789473684211
