3.9473684210526314
5.0
6.842105263157895
5.7894736842105265
4.2105263157894735
7.631578947368421
4.7368421052631575
5.7894736842105265
3.1578947368421053
3.9473684210526314
5.7894736842105265
4.2105263157894735
7.105263157894737
3.9473684210526314
6.315789473684211
4.473684210526316
6.842105263157895
4.473684210526316
7.368421052631579
6.315789473684211
6.052631578947368
6.315789473684211
6.315789473684211
6.842105263157895
6.842105263157895
8.157894736842104
6.842105263157895
10.526315789473685
11.052631578947368
8.157894736842104
8.68421052631579
8.157894736842104
11.842105263157896
10.789473684210526
10.789473684210526
11.31578947368421
13.157894736842104
13.157894736842104
18.157894736842106
16.842105263157894
17.894736842105264
22.894736842105264
20.0
25.789473684210527
21.842105263157894
24.736842105263158
24.473684210526315
21.31578947368421
26.31578947368421
26.842105263157894
27.63157894736842
35.526315789473685
36.05263157894737
31.57894736842105
31.57894736842105
34.21052631578947
37.36842105263158
36.578947368421055
44.21052631578947
48.68421052631579
47.10526315789474
36.578947368421055
44.473684210526315
51.8421052631579
51.05263157894737
35.526315789473685
49.21052631578947
51.8421052631579
55.526315789473685
44.21052631578947
48.94736842105263
56.31578947368421
53.421052631578945
46.578947368421055
58.68421052631579
46.578947368421055
57.63157894736842
51.31578947368421
52.10526315789474
60.26315789473684
50.78947368421053
51.05263157894737
51.8421052631579
61.8421052631579
61.578947368421055
55.0
55.26315789473684
50.78947368421053
46.578947368421055
62.10526315789474
57.63157894736842
65.26315789473684
56.05263157894737
51.05263157894737
61.31578947368421
57.10526315789474
56.05263157894737
58.68421052631579
61.31578947368421
64.21052631578948
66.3157894736842
66.84210526315789
65.78947368421052
58.1578947368421
50.526315789473685
48.94736842105263
53.94736842105263
65.52631578947368
53.94736842105263
64.47368421052632
66.57894736842105
52.89473684210526
51.31578947368421
62.63157894736842
67.36842105263158
68.42105263157895
63.1578947368421
57.10526315789474
67.63157894736842
61.31578947368421
44.73684210526316
60.78947368421053
70.26315789473684
62.89473684210526
45.78947368421053
62.63157894736842
77.63157894736842
71.05263157894737
73.6842105263158
72.89473684210526
71.05263157894737
60.78947368421053
71.57894736842105
57.36842105263158
60.0
58.1578947368421
73.6842105263158
60.0
63.421052631578945
74.47368421052632
52.10526315789474
72.63157894736842
63.1578947368421
58.1578947368421
79.21052631578948
58.94736842105263
68.42105263157895
75.0
72.89473684210526
74.21052631578948
74.47368421052632
67.10526315789474
67.36842105263158
72.36842105263158
63.421052631578945
70.0
69.47368421052632
73.94736842105263
77.89473684210526
60.526315789473685
67.36842105263158
73.6842105263158
75.78947368421052
67.89473684210526
67.36842105263158
63.1578947368421
46.05263157894737
68.6842105263158
74.73684210526316
74.47368421052632
68.94736842105263
50.0
80.0
69.73684210526316
57.10526315789474
67.36842105263158
70.26315789473684
60.78947368421053
61.05263157894737
75.0
64.21052631578948
75.26315789473684
76.3157894736842
80.52631578947368
62.10526315789474
69.47368421052632
70.78947368421052
75.78947368421052
70.26315789473684
67.36842105263158
62.63157894736842
71.05263157894737
72.36842105263158
79.21052631578948
66.84210526315789
68.42105263157895
70.26315789473684
78.6842105263158
67.89473684210526
80.26315789473684
68.6842105263158
72.10526315789474
76.05263157894737
68.94736842105263
71.05263157894737
73.15789473684211
77.89473684210526
69.21052631578948
80.52631578947368
81.3157894736842
80.26315789473684
67.10526315789474
58.421052631578945
76.3157894736842
70.26315789473684
81.57894736842105
71.3157894736842
75.78947368421052
77.36842105263158
70.26315789473684
67.10526315789474
84.47368421052632
78.6842105263158
76.57894736842105
64.73684210526316
77.36842105263158
78.6842105263158
86.84210526315789
81.84210526315789
80.26315789473684
73.6842105263158
81.05263157894737
56.31578947368421
77.63157894736842
92.36842105263158
73.6842105263158
81.84210526315789
81.84210526315789
75.26315789473684
79.21052631578948
62.10526315789474
81.3157894736842
68.6842105263158
83.15789473684211
65.26315789473684
72.36842105263158
71.57894736842105
70.26315789473684
66.3157894736842
68.15789473684211
77.63157894736842
75.78947368421052
81.84210526315789
77.36842105263158
86.05263157894737
74.73684210526316
71.3157894736842
84.21052631578948
79.73684210526316
88.6842105263158
81.84210526315789
68.6842105263158
78.42105263157895
71.84210526315789
80.52631578947368
83.15789473684211
77.10526315789474
68.15789473684211
72.36842105263158
77.63157894736842
69.73684210526316
82.36842105263158
73.42105263157895
79.47368421052632
72.36842105263158
75.52631578947368
67.89473684210526
80.0
64.73684210526316
85.78947368421052
71.84210526315789
61.31578947368421
76.57894736842105
83.6842105263158
75.26315789473684
85.78947368421052
76.05263157894737
82.63157894736842
79.21052631578948
84.47368421052632
80.26315789473684
79.21052631578948
82.36842105263158
74.21052631578948
68.6842105263158
68.6842105263158
82.36842105263158
73.15789473684211
73.15789473684211
72.89473684210526
79.47368421052632
78.6842105263158
68.15789473684211
57.89473684210526
77.89473684210526
74.73684210526316
80.52631578947368
92.36842105263158
79.73684210526316
77.63157894736842
76.57894736842105
73.6842105263158
73.6842105263158
84.21052631578948
66.57894736842105
70.0
76.84210526315789
70.78947368421052
82.36842105263158
68.94736842105263
76.3157894736842
64.21052631578948
81.05263157894737
85.26315789473684
75.0
90.0
77.89473684210526
88.94736842105263
81.57894736842105
83.15789473684211
76.84210526315789
64.73684210526316
87.36842105263158
74.21052631578948
71.05263157894737
79.73684210526316
76.3157894736842
78.6842105263158
76.57894736842105
83.6842105263158
70.0
86.3157894736842
67.10526315789474
76.84210526315789
81.57894736842105
71.57894736842105
81.84210526315789
68.6842105263158
84.47368421052632
89.47368421052632
86.84210526315789
77.10526315789474
73.6842105263158
76.57894736842105
71.57894736842105
75.52631578947368
83.15789473684211
80.26315789473684
80.26315789473684
73.42105263157895
69.47368421052632
75.26315789473684
86.05263157894737
79.47368421052632
83.15789473684211
81.3157894736842
76.84210526315789
86.84210526315789
82.10526315789474
83.42105263157895
80.52631578947368
77.89473684210526
80.52631578947368
76.3157894736842
91.57894736842105
73.42105263157895
72.36842105263158
78.94736842105263
78.42105263157895
76.84210526315789
70.0
88.94736842105263
75.52631578947368
84.73684210526316
70.26315789473684
59.73684210526316
79.47368421052632
83.6842105263158
61.8421052631579
76.3157894736842
74.47368421052632
83.42105263157895
79.73684210526316
78.42105263157895
75.78947368421052
78.15789473684211
65.78947368421052
73.15789473684211
80.26315789473684
83.42105263157895
86.3157894736842
87.89473684210526
90.52631578947368
70.52631578947368
68.6842105263158
74.21052631578948
76.05263157894737
75.52631578947368
87.36842105263158
79.21052631578948
88.42105263157895
90.26315789473684
83.6842105263158
51.8421052631579
75.52631578947368
77.36842105263158
80.52631578947368
77.63157894736842
75.0
74.21052631578948
88.15789473684211
77.36842105263158
92.36842105263158
80.52631578947368
79.73684210526316
73.15789473684211
75.26315789473684
79.21052631578948
73.15789473684211
78.6842105263158
71.84210526315789
75.52631578947368
59.21052631578947
60.78947368421053
90.26315789473684
75.52631578947368
95.0
73.6842105263158
84.47368421052632
83.6842105263158
76.3157894736842
76.3157894736842
80.52631578947368
88.15789473684211
76.57894736842105
74.47368421052632
91.57894736842105
96.05263157894737
87.10526315789474
79.73684210526316
94.21052631578948
78.6842105263158
78.15789473684211
75.52631578947368
82.36842105263158
82.10526315789474
72.36842105263158
71.3157894736842
85.0
82.36842105263158
78.6842105263158
87.89473684210526
80.0
86.84210526315789
67.10526315789474
76.84210526315789
83.94736842105263
79.21052631578948
76.05263157894737
85.78947368421052
85.52631578947368
80.52631578947368
75.78947368421052
84.21052631578948
71.05263157894737
90.0
85.78947368421052
78.94736842105263
80.78947368421052
76.57894736842105
73.94736842105263
78.42105263157895
76.3157894736842
79.73684210526316
71.57894736842105
78.94736842105263
75.26315789473684
80.26315789473684
82.10526315789474
77.10526315789474
78.94736842105263
86.05263157894737
82.89473684210526
85.52631578947368
90.26315789473684
78.15789473684211
83.94736842105263
87.36842105263158
86.57894736842105
69.21052631578948
