0.4885740578174591
0.4701954126358032
0.44654762744903564
0.4203500747680664
0.38302719593048096
0.3422858417034149
0.2911761701107025
0.24582283198833466
0.19743947684764862
0.1577850878238678
0.12187714129686356
0.09847663342952728
0.08062773197889328
0.06931734830141068
0.06145506352186203
0.05800225958228111
0.05583164095878601
0.054870810359716415
0.053107697516679764
0.05359133705496788
0.0525081641972065
0.052422769367694855
0.05149438977241516
0.05148210749030113
0.05134281888604164
0.05093035101890564
0.05048658698797226
0.04988890513777733
0.050031956285238266
0.04947780817747116
0.050211019814014435
0.049840085208415985
0.048473089933395386
0.04885582625865936
0.048832427710294724
0.048104338347911835
0.04732691869139671
0.04846561700105667
0.04641861096024513
0.04620920866727829
0.04540860652923584
0.04424659162759781
0.045241303741931915
0.0448637381196022
0.04401034489274025
0.0436958372592926
0.04368371143937111
0.04453320428729057
0.0425264947116375
0.042795345187187195
0.042414549738168716
0.03954827040433884
0.03922351822257042
0.04093150794506073
0.0402761735022068
0.04012840986251831
0.03963636979460716
0.040405355393886566
0.037270087748765945
0.035665642470121384
0.035371486097574234
0.0387381874024868
0.036469146609306335
0.035576824098825455
0.033527981489896774
0.039164949208498
0.03611418977379799
0.03614886850118637
0.035826198756694794
0.03687535971403122
0.03452388569712639
0.032875657081604004
0.03320137411355972
0.03564026951789856
0.033846620470285416
0.035316649824380875
0.0319514274597168
0.0342571996152401
0.03489452227950096
0.03135969862341881
0.03468421474099159
0.0338592603802681
0.03333013132214546
0.028733547776937485
0.030046358704566956
0.032324593514204025
0.03266720101237297
0.03484168276190758
0.03783996030688286
0.029295993968844414
0.03159261494874954
0.03001287207007408
0.0316169336438179
0.03434693068265915
0.030937882140278816
0.03091571293771267
0.032379936426877975
0.03173011168837547
0.029681948944926262
0.029226209968328476
0.028462452813982964
0.0269464123994112
0.027661439031362534
0.031068218871951103
0.03331780806183815
0.034361496567726135
0.033446911722421646
0.030263056978583336
0.032740917056798935
0.027962978929281235
0.027989203110337257
0.03368968516588211
0.03634358569979668
0.02814255654811859
0.028153419494628906
0.027554601430892944
0.028797442093491554
0.029524384066462517
0.026775365695357323
0.030485376715660095
0.03715524449944496
0.029615404084324837
0.02587241120636463
0.03125491738319397
0.035440340638160706
0.029783137142658234
0.023577457293868065
0.025466520339250565
0.02420978993177414
0.02644314244389534
0.02590911090373993
0.03054940328001976
0.025852002203464508
0.030502494424581528
0.030718760564923286
0.030919991433620453
0.02407475747168064
0.03145907074213028
0.029671503230929375
0.023877309635281563
0.03277541324496269
0.022896403446793556
0.027207572013139725
0.03065895289182663
0.022690024226903915
0.030822522938251495
0.024878237396478653
0.022360915318131447
0.02452106401324272
0.024697210639715195
0.022650063037872314
0.025705669075250626
0.02678310126066208
0.024581845849752426
0.02934502437710762
0.02438715100288391
0.02690880186855793
0.022178977727890015
0.021181732416152954
0.029407523572444916
0.026165124028921127
0.023152118548750877
0.024156460538506508
0.025904478505253792
0.027797171846032143
0.02693004719913006
0.0359937846660614
0.028381912037730217
0.02261882834136486
0.022749684751033783
0.026170894503593445
0.034704338759183884
0.02088996022939682
0.026898950338363647
0.030984388664364815
0.023691898211836815
0.02665780670940876
0.02920694276690483
0.027001356706023216
0.02178405597805977
0.027411209419369698
0.022364774718880653
0.02378346025943756
0.021181069314479828
0.026925044134259224
0.023212535306811333
0.025400996208190918
0.02368747815489769
0.02370362915098667
0.02672441489994526
0.029888207092881203
0.023354532197117805
0.024264991283416748
0.0194501131772995
0.026303788647055626
0.02601393684744835
0.024111295118927956
0.02016667276620865
0.02551187388598919
0.018722830340266228
0.026729417964816093
0.023176513612270355
0.021174801513552666
0.026218147948384285
0.023551149293780327
0.022426504641771317
0.020031627267599106
0.024783210828900337
0.019611891359090805
0.01966727152466774
0.01995118334889412
0.025740334764122963
0.03043299727141857
0.022450529038906097
0.02332456037402153
0.018523551523685455
0.023507574573159218
0.021034294739365578
0.01979018934071064
0.02385328896343708
0.02441938780248165
0.017210129648447037
0.020381243899464607
0.019814003258943558
0.026877211406826973
0.0187262874096632
0.01770733669400215
0.016937430948019028
0.019008880481123924
0.018958305940032005
0.02126159518957138
0.018314994871616364
0.03217204287648201
0.019912462681531906
0.013296283781528473
0.020941438153386116
0.018598688766360283
0.019260618835687637
0.021026981994509697
0.018431732431054115
0.028279149904847145
0.018611058592796326
0.025396324694156647
0.017481690272688866
0.026764899492263794
0.024274392053484917
0.022532200440764427
0.02349313721060753
0.025363892316818237
0.02712901681661606
0.020325152203440666
0.02061670646071434
0.01875658705830574
0.01927841082215309
0.012964233756065369
0.021247979253530502
0.021446671336889267
0.015512289479374886
0.019420985132455826
0.013932858593761921
0.017558367922902107
0.02525184489786625
0.018680641427636147
0.02295057475566864
0.017766330391168594
0.018357902765274048
0.019973261281847954
0.024700840935111046
0.021749746054410934
0.01830354519188404
0.024766316637396812
0.016444487497210503
0.020804380998015404
0.017691604793071747
0.023297900334000587
0.0201152004301548
0.02216911129653454
0.02076648361980915
0.027408117428421974
0.013234932906925678
0.02299875020980835
0.03021758608520031
0.021169766783714294
0.018115494400262833
0.021294377744197845
0.016973214223980904
0.02015240490436554
0.017382655292749405
0.018971825018525124
0.015381974168121815
0.016239412128925323
0.016704069450497627
0.01806938834488392
0.02323136106133461
0.023380352184176445
0.02296951226890087
0.01751653105020523
0.021721716970205307
0.02114093489944935
0.02252798341214657
0.01949404552578926
0.018067216500639915
0.02507713995873928
0.02939407154917717
0.02220108173787594
0.021349869668483734
0.01687200739979744
0.011196380481123924
0.022999104112386703
0.019443918019533157
0.02313917875289917
0.02034934051334858
0.020680749788880348
0.014202679507434368
0.025648050010204315
0.022870009765028954
0.018390487879514694
0.022031983360648155
0.016477005556225777
0.023306656628847122
0.021413302049040794
0.02720445580780506
0.017521707341074944
0.017491787672042847
0.021221071481704712
0.013107189908623695
0.01910790614783764
0.0137536795809865
0.017392495647072792
0.014380664564669132
0.021896425634622574
0.028929634019732475
0.016289714723825455
0.021274730563163757
0.024436097592115402
0.017941849306225777
0.021204756572842598
0.01960289664566517
0.019844604656100273
0.0174168199300766
0.022700073197484016
0.016682444140315056
0.02402871660888195
0.020391320809721947
0.01646524854004383
0.022500131279230118
0.017593419179320335
0.024665433913469315
0.014874381013214588
0.013792253099381924
0.015382816083729267
0.01915898360311985
0.02087925374507904
0.019640779122710228
0.025231650099158287
0.020409079268574715
0.016228530555963516
0.01780376024544239
0.016578227281570435
0.022138824686408043
0.02586374245584011
0.01837436854839325
0.016513453796505928
0.018605507910251617
0.01579894684255123
0.01897560805082321
0.020053666085004807
0.012919013388454914
0.01608186401426792
0.017187969759106636
0.021934492513537407
0.01911398209631443
0.016922298818826675
0.022886278107762337
0.011219329200685024
0.020891530439257622
0.022814856842160225
0.01947232522070408
0.018846401944756508
0.019239073619246483
0.024348372593522072
0.012564431875944138
0.01744811236858368
0.014689668081700802
0.021662898361682892
0.030260464176535606
0.016879215836524963
0.01642034202814102
0.026934752240777016
0.02068546786904335
0.01844685897231102
0.016305258497595787
0.016954096034169197
0.017594819888472557
0.019922034814953804
0.01641923375427723
0.02425687573850155
0.02049003541469574
0.015915105119347572
0.016289446502923965
0.013056710362434387
0.01289790403097868
0.012540609575808048
0.020699739456176758
0.023398682475090027
0.02073458954691887
0.019100697711110115
0.01997053623199463
0.015828289091587067
0.01970488950610161
0.012256836518645287
0.01118268258869648
0.016682272776961327
0.034523531794548035
0.020693695172667503
0.020163532346487045
0.016786856576800346
0.017443496733903885
0.021016791462898254
0.020682677626609802
0.012185943312942982
0.01838110014796257
0.010191467590630054
0.018961239606142044
0.0169192086905241
0.024330392479896545
0.018902936950325966
0.021602418273687363
0.020469829440116882
0.019107285887002945
0.020726799964904785
0.021255725994706154
0.03012973815202713
0.02869134023785591
0.011537346988916397
0.01810564659535885
0.008077619597315788
0.021432196721434593
0.013684405945241451
0.015416832640767097
0.01751181297004223
0.021059958264231682
0.016511967405676842
0.012770673260092735
0.019188372418284416
0.020579153671860695
0.011693918146193027
0.00818576104938984
0.012619180604815483
0.015507137402892113
0.008778134360909462
0.018051352351903915
0.01815221644937992
0.020056024193763733
0.01848706789314747
0.017612958326935768
0.02151285484433174
0.023109670728445053
0.01493116095662117
0.016872381791472435
0.01670939475297928
0.012792645022273064
0.016047514975070953
0.013637486845254898
0.024970779195427895
0.02147924154996872
0.014942164532840252
0.0175443384796381
0.020064540207386017
0.012778873555362225
0.016688354313373566
0.017605269327759743
0.022992519661784172
0.012805902399122715
0.02185044065117836
0.011984112672507763
0.014034867286682129
0.019754353910684586
0.01624002866446972
0.021223941817879677
0.022116975858807564
0.020014146342873573
0.01726253144443035
0.018574964255094528
0.022764461115002632
0.01863142102956772
0.018202215433120728
0.016089733690023422
0.01780237816274166
0.01770353503525257
0.016418809071183205
0.01243978925049305
0.015377497300505638
0.015092694200575352
0.01068835984915495
0.020236128941178322
0.014966371469199657
0.014019547030329704
0.013701594434678555
0.023284830152988434
