7.368421052631579
5.7894736842105265
6.842105263157895
7.368421052631579
7.894736842105263
7.105263157894737
7.105263157894737
6.315789473684211
7.105263157894737
7.368421052631579
8.157894736842104
7.105263157894737
6.578947368421052
7.894736842105263
8.68421052631579
9.473684210526315
7.105263157894737
15.0
11.31578947368421
11.578947368421053
10.789473684210526
9.210526315789474
10.789473684210526
28.94736842105263
31.31578947368421
45.526315789473685
43.421052631578945
50.526315789473685
52.89473684210526
40.526315789473685
56.31578947368421
51.05263157894737
65.52631578947368
58.94736842105263
59.73684210526316
68.15789473684211
70.0
76.84210526315789
68.94736842105263
73.94736842105263
60.526315789473685
65.26315789473684
70.52631578947368
62.10526315789474
78.94736842105263
79.21052631578948
63.1578947368421
81.3157894736842
78.6842105263158
74.47368421052632
69.73684210526316
78.6842105263158
78.94736842105263
70.78947368421052
70.52631578947368
84.73684210526316
87.63157894736842
87.10526315789474
85.78947368421052
87.89473684210526
69.47368421052632
89.21052631578948
77.89473684210526
86.57894736842105
82.63157894736842
86.3157894736842
88.42105263157895
89.21052631578948
93.15789473684211
83.94736842105263
89.73684210526316
95.0
81.57894736842105
90.52631578947368
92.10526315789474
93.42105263157895
77.89473684210526
90.0
89.73684210526316
80.78947368421052
87.89473684210526
80.52631578947368
93.15789473684211
88.15789473684211
90.0
83.6842105263158
77.89473684210526
92.10526315789474
91.84210526315789
91.84210526315789
91.3157894736842
92.10526315789474
93.6842105263158
90.26315789473684
77.63157894736842
95.26315789473684
91.84210526315789
94.21052631578948
94.47368421052632
93.42105263157895
94.47368421052632
85.26315789473684
87.63157894736842
88.94736842105263
86.3157894736842
98.42105263157895
73.6842105263158
93.6842105263158
89.73684210526316
96.05263157894737
95.26315789473684
88.94736842105263
97.63157894736842
93.42105263157895
99.21052631578948
97.89473684210526
83.42105263157895
84.21052631578948
95.52631578947368
92.10526315789474
88.6842105263158
94.73684210526316
82.36842105263158
85.78947368421052
88.42105263157895
91.84210526315789
87.63157894736842
87.89473684210526
91.84210526315789
90.26315789473684
96.05263157894737
97.36842105263158
95.52631578947368
92.89473684210526
96.3157894736842
91.05263157894737
91.84210526315789
95.78947368421052
89.21052631578948
90.0
92.89473684210526
88.6842105263158
87.89473684210526
92.10526315789474
89.47368421052632
98.15789473684211
93.15789473684211
95.0
91.84210526315789
93.15789473684211
90.0
88.42105263157895
97.36842105263158
96.57894736842105
98.94736842105263
95.52631578947368
92.36842105263158
92.89473684210526
97.36842105263158
96.3157894736842
91.3157894736842
90.52631578947368
97.10526315789474
91.3157894736842
95.26315789473684
96.57894736842105
86.84210526315789
90.0
93.42105263157895
95.78947368421052
88.94736842105263
92.63157894736842
91.3157894736842
89.47368421052632
91.57894736842105
94.47368421052632
92.89473684210526
95.0
95.0
95.26315789473684
95.52631578947368
93.42105263157895
89.73684210526316
97.10526315789474
94.73684210526316
88.6842105263158
97.36842105263158
87.63157894736842
90.78947368421052
98.15789473684211
98.94736842105263
93.94736842105263
97.36842105263158
90.52631578947368
94.21052631578948
91.3157894736842
91.57894736842105
94.21052631578948
97.63157894736842
95.52631578947368
91.84210526315789
91.57894736842105
95.26315789473684
98.42105263157895
96.57894736842105
96.84210526315789
96.84210526315789
95.0
99.47368421052632
96.57894736842105
93.94736842105263
94.21052631578948
97.63157894736842
95.0
97.63157894736842
95.52631578947368
97.89473684210526
97.89473684210526
99.21052631578948
96.84210526315789
93.94736842105263
98.6842105263158
91.57894736842105
90.26315789473684
88.6842105263158
99.73684210526316
96.3157894736842
98.94736842105263
89.47368421052632
92.36842105263158
96.84210526315789
93.94736842105263
85.26315789473684
97.36842105263158
96.05263157894737
99.47368421052632
94.73684210526316
95.0
96.57894736842105
93.6842105263158
95.26315789473684
92.89473684210526
93.42105263157895
94.73684210526316
92.89473684210526
96.05263157894737
94.47368421052632
99.21052631578948
96.05263157894737
97.10526315789474
95.52631578947368
93.94736842105263
98.42105263157895
95.0
98.15789473684211
98.42105263157895
97.10526315789474
93.42105263157895
93.15789473684211
92.36842105263158
96.3157894736842
93.6842105263158
96.84210526315789
88.94736842105263
95.0
98.42105263157895
97.89473684210526
96.57894736842105
93.94736842105263
95.78947368421052
97.63157894736842
94.47368421052632
94.73684210526316
97.10526315789474
93.15789473684211
100.0
97.10526315789474
96.57894736842105
93.6842105263158
97.36842105263158
97.63157894736842
92.36842105263158
96.84210526315789
98.94736842105263
96.3157894736842
94.73684210526316
93.6842105263158
91.84210526315789
95.0
94.73684210526316
98.94736842105263
95.26315789473684
96.05263157894737
92.10526315789474
98.15789473684211
95.78947368421052
97.10526315789474
95.26315789473684
96.57894736842105
97.10526315789474
100.0
98.94736842105263
98.15789473684211
97.36842105263158
94.21052631578948
97.36842105263158
97.36842105263158
99.47368421052632
93.15789473684211
97.36842105263158
91.57894736842105
97.89473684210526
99.73684210526316
95.0
97.63157894736842
97.89473684210526
93.6842105263158
96.84210526315789
98.42105263157895
95.78947368421052
96.3157894736842
94.21052631578948
94.21052631578948
98.94736842105263
99.47368421052632
97.10526315789474
94.47368421052632
93.6842105263158
98.6842105263158
98.94736842105263
98.94736842105263
95.78947368421052
93.6842105263158
97.36842105263158
97.10526315789474
96.05263157894737
98.42105263157895
89.47368421052632
95.0
97.63157894736842
97.89473684210526
94.21052631578948
96.84210526315789
98.6842105263158
97.36842105263158
96.57894736842105
98.42105263157895
96.57894736842105
97.89473684210526
94.47368421052632
91.84210526315789
97.10526315789474
100.0
96.05263157894737
91.84210526315789
98.6842105263158
98.94736842105263
94.47368421052632
97.63157894736842
94.73684210526316
97.10526315789474
97.63157894736842
94.21052631578948
98.15789473684211
94.73684210526316
95.52631578947368
98.15789473684211
98.6842105263158
97.36842105263158
95.26315789473684
96.57894736842105
95.26315789473684
97.10526315789474
94.73684210526316
96.3157894736842
97.63157894736842
99.47368421052632
96.3157894736842
97.36842105263158
95.52631578947368
98.6842105263158
96.57894736842105
98.94736842105263
98.42105263157895
95.26315789473684
97.63157894736842
99.47368421052632
95.52631578947368
97.63157894736842
97.89473684210526
97.10526315789474
95.78947368421052
98.42105263157895
91.84210526315789
99.47368421052632
94.47368421052632
99.47368421052632
97.36842105263158
93.94736842105263
96.3157894736842
85.78947368421052
94.21052631578948
94.21052631578948
97.10526315789474
95.78947368421052
99.21052631578948
96.84210526315789
98.15789473684211
97.89473684210526
92.89473684210526
97.63157894736842
99.73684210526316
96.3157894736842
99.73684210526316
100.0
95.78947368421052
92.89473684210526
97.63157894736842
98.94736842105263
98.15789473684211
99.21052631578948
97.10526315789474
94.73684210526316
96.3157894736842
97.89473684210526
95.52631578947368
96.57894736842105
98.6842105263158
90.52631578947368
95.26315789473684
96.84210526315789
99.73684210526316
96.84210526315789
93.42105263157895
99.73684210526316
98.94736842105263
98.15789473684211
99.73684210526316
96.3157894736842
99.73684210526316
90.0
93.6842105263158
99.73684210526316
97.36842105263158
94.73684210526316
93.15789473684211
92.63157894736842
93.94736842105263
97.10526315789474
93.94736842105263
99.73684210526316
92.10526315789474
95.52631578947368
97.89473684210526
94.73684210526316
89.21052631578948
97.63157894736842
95.52631578947368
99.21052631578948
93.15789473684211
98.6842105263158
96.57894736842105
99.73684210526316
98.15789473684211
98.42105263157895
100.0
98.42105263157895
98.94736842105263
95.52631578947368
95.78947368421052
93.6842105263158
98.15789473684211
95.52631578947368
99.21052631578948
99.21052631578948
98.42105263157895
93.94736842105263
98.42105263157895
94.73684210526316
96.3157894736842
93.94736842105263
90.52631578947368
97.36842105263158
97.89473684210526
98.42105263157895
94.47368421052632
99.73684210526316
94.47368421052632
99.73684210526316
98.42105263157895
93.15789473684211
100.0
96.57894736842105
95.0
98.6842105263158
98.6842105263158
96.57894736842105
97.36842105263158
97.89473684210526
98.15789473684211
