0.05171002820134163
0.051609642803668976
0.0508943572640419
0.050929125398397446
0.050633035600185394
0.050555601716041565
0.050515346229076385
0.05042839050292969
0.05034608393907547
0.0502251535654068
0.050150007009506226
0.05008063092827797
0.05022180452942848
0.050133850425481796
0.050075508654117584
0.04991261288523674
0.05001166835427284
0.050023455172777176
0.05006895959377289
0.049941226840019226
0.0500309020280838
0.049982521682977676
0.049986135214567184
0.05003776028752327
0.04998805746436119
0.05002085492014885
0.049985725432634354
0.04997525364160538
0.04999189078807831
0.0499754473567009
0.049948614090681076
0.04995131492614746
0.05001268535852432
0.05001794546842575
0.050008565187454224
0.04999483376741409
0.049979597330093384
0.04996826499700546
0.04997100308537483
0.049983084201812744
0.050013113766908646
0.05003824830055237
0.049942679703235626
0.05000267177820206
0.049998342990875244
0.050002630800008774
0.04996054992079735
0.049927204847335815
0.049945950508117676
0.05003583803772926
0.04996491223573685
0.04998286813497543
0.049964357167482376
0.049958862364292145
0.0499441921710968
0.04999981448054314
0.0499655120074749
0.04996814578771591
0.04996202513575554
0.04999244958162308
0.04999622702598572
0.04991885647177696
0.04999639466404915
0.05001189187169075
0.050025030970573425
0.049946319311857224
0.04995053634047508
0.04994875565171242
0.049964539706707
0.04993032291531563
0.049997728317976
0.05001095309853554
0.049965228885412216
0.049926456063985825
0.04996781423687935
0.04996740072965622
0.049978915601968765
0.0499928742647171
0.0500059574842453
0.04996499791741371
0.049979694187641144
0.049980856478214264
0.049966443330049515
0.049970388412475586
0.04996924474835396
0.05000262334942818
0.04999103397130966
0.049978483468294144
0.04996379092335701
0.049994561821222305
0.049997102469205856
0.049967553466558456
0.05001170560717583
0.04999304562807083
0.05002444237470627
0.05000622570514679
0.04999013617634773
0.049980297684669495
0.05000470206141472
0.049963925033807755
0.04997020959854126
0.04995305463671684
0.04997677356004715
0.04996541887521744
0.04998096823692322
0.04999173805117607
0.049966081976890564
0.04995259270071983
0.04994097724556923
0.049978889524936676
0.04999411106109619
0.05000203102827072
0.04995223134756088
0.04997551068663597
0.04996929690241814
0.049981605261564255
0.04997033253312111
0.04996996372938156
0.049964021891355515
0.050005342811346054
0.04998962581157684
0.049992792308330536
0.04997646063566208
0.05000452697277069
0.05000989884138107
0.05000610277056694
0.04999430477619171
0.05000517889857292
0.04996861144900322
0.04997821897268295
0.04999370127916336
0.049964386969804764
0.04998520016670227
0.04998091980814934
0.04998429864645004
0.04996722191572189
0.04996758699417114
0.049953579902648926
0.05000622943043709
0.04997992515563965
0.05001956969499588
0.05001721531152725
0.050014760345220566
0.049991048872470856
0.04996258020401001
0.0500057153403759
0.049964550882577896
0.0499899797141552
0.050004132091999054
0.04997996613383293
0.04996929690241814
0.04997965693473816
0.04994373023509979
0.04998842999339104
0.049968816339969635
0.049970727413892746
0.049992382526397705
0.05000655725598335
0.049995094537734985
0.05000339448451996
0.04998059570789337
0.05000423640012741
0.049991779029369354
0.049975279718637466
0.050002794712781906
0.04999726638197899
0.049995556473731995
0.04999507591128349
0.049979060888290405
0.049956269562244415
0.05001675710082054
0.0499814972281456
0.0499553382396698
0.049964938312768936
0.0499560683965683
0.050003353506326675
0.050015803426504135
0.049916885793209076
0.04996558278799057
0.04995075985789299
0.049932513386011124
0.04999016225337982
0.04998026043176651
0.04999293014407158
0.04997865855693817
0.049992818385362625
0.05000776797533035
0.04996488615870476
0.050009433180093765
0.049967601895332336
0.04996819794178009
0.04999402165412903
0.0499914214015007
0.04994236305356026
0.04996511712670326
0.050017692148685455
0.050003379583358765
0.04998059570789337
0.049967143684625626
0.04997994378209114
0.050003573298454285
0.049964774399995804
0.04996484890580177
0.049990154802799225
0.04999229684472084
0.05002177134156227
0.049985382705926895
0.05000704899430275
0.04997780919075012
0.05000681057572365
0.050007451325654984
0.050005652010440826
0.04999519884586334
0.0499664843082428
0.04997528716921806
0.049986522644758224
0.049990054219961166
0.050001874566078186
0.0499834269285202
0.049950942397117615
0.04999146983027458
0.04996649920940399
0.04999096319079399
0.04997703805565834
0.049994613975286484
0.04999592527747154
0.04997723922133446
0.049992505460977554
0.04997819662094116
0.04995175451040268
0.049984175711870193
0.04998507723212242
0.049940288066864014
0.049981847405433655
0.049990586936473846
0.04997719079256058
0.04995494335889816
0.050008077174425125
0.049989257007837296
0.04997874051332474
0.04998213052749634
0.04994257539510727
0.04997904598712921
0.04995337873697281
0.04999405890703201
0.049992527812719345
0.04998971149325371
0.04998117685317993
0.04999702796339989
0.04995092749595642
0.04995328560471535
0.05000844597816467
0.04994934797286987
0.04998232051730156
0.049954283982515335
0.050026241689920425
0.04994713515043259
0.049964115023612976
0.04994291812181473
0.04996491223573685
0.04996548220515251
0.04998120665550232
0.04996320977807045
0.04997808113694191
0.05000593513250351
0.04998942092061043
0.04998144507408142
0.05000799521803856
0.04999036714434624
0.04997854679822922
0.049978915601968765
0.05000428482890129
0.049953605979681015
0.049970392137765884
0.0499819815158844
0.049988530576229095
0.04996886104345322
0.04998062178492546
0.04996848106384277
0.04995768517255783
0.04998026415705681
0.04996873438358307
0.04999510571360588
0.04992589354515076
0.049979664385318756
0.04997963085770607
0.049929797649383545
0.04999478533864021
0.049981292337179184
0.04998354986310005
0.04996879771351814
0.04993058368563652
0.04998534545302391
0.04996178299188614
0.049983687698841095
0.04998151212930679
0.049954161047935486
0.0499851331114769
0.049989018589258194
0.05000421032309532
0.04994576424360275
0.04996829107403755
0.05002003535628319
0.04998062551021576
0.04997958615422249
0.049926672130823135
0.04999183490872383
0.049941662698984146
0.0499875582754612
0.0499708466231823
0.04996759444475174
0.049969110637903214
0.04999139904975891
0.05000177398324013
0.04997572675347328
0.049932803958654404
0.04996602237224579
0.04998154193162918
0.04999788478016853
0.049965206533670425
0.05000505596399307
0.049968186765909195
0.0500047504901886
0.049962740391492844
0.04998093843460083
0.05000551789999008
0.049968186765909195
0.04997958242893219
0.05000927671790123
0.049989573657512665
0.04996629059314728
0.049980659037828445
0.049997925758361816
0.05001121759414673
0.04997602477669716
0.050020694732666016
0.04997863993048668
0.0499684102833271
0.04999127984046936
0.04999050498008728
0.05000868812203407
0.049965713173151016
0.050004661083221436
0.049968842417001724
0.04999364912509918
0.04999339580535889
0.049995943903923035
0.05000004544854164
0.04998386278748512
0.04996541142463684
0.049970634281635284
0.05001482367515564
0.049990568310022354
0.04997074231505394
0.04998881742358208
0.050007522106170654
0.0500197634100914
0.04995543509721756
0.05000747740268707
0.04995590075850487
0.049977488815784454
0.05002206563949585
0.04999139532446861
0.04996407404541969
0.05000622197985649
0.049979981034994125
0.04999122768640518
0.04995579645037651
0.05000283196568489
0.049988504499197006
0.049966540187597275
0.04998238757252693
0.04998213052749634
0.04993884265422821
0.05000987648963928
0.05000097304582596
0.049981217831373215
0.04995647072792053
0.04996819421648979
0.04997817054390907
0.04999176040291786
0.050024982541799545
0.05000763386487961
0.04998501017689705
0.04996839538216591
0.0500083789229393
0.04999397322535515
0.05001402646303177
0.049932658672332764
0.04997747763991356
0.05001895874738693
0.04995626211166382
0.04999532550573349
0.049966514110565186
0.05000385269522667
0.04999318718910217
0.04996611922979355
0.04997042939066887
0.04997142404317856
0.04999399557709694
0.04998226463794708
0.04999971762299538
0.049951061606407166
0.05000557750463486
0.049970049411058426
0.050002723932266235
0.04997895658016205
0.04999098554253578
0.04998013749718666
0.04994993284344673
0.05000312998890877
0.049981068819761276
0.04999152198433876
0.0499769002199173
0.049967534840106964
0.04998031258583069
0.04996703565120697
0.04999133199453354
0.0499829463660717
0.04997856542468071
0.0499957799911499
0.0500204861164093
0.04998455569148064
0.049979399889707565
0.05001889541745186
0.049922335892915726
0.04999268054962158
0.04999663308262825
0.04990950599312782
0.04990823194384575
0.04997742176055908
0.04997572302818298
0.049991317093372345
0.049974724650382996
0.04996419697999954
0.04998890310525894
0.04997202754020691
0.04998431354761124
0.049967121332883835
0.0499664843082428
0.04997158795595169
0.04992080479860306
0.04999566078186035
0.04994251951575279
0.04992949590086937
0.04997115954756737
0.04997857287526131
0.04996419697999954
0.049971308559179306
0.04997924342751503
0.049957167357206345
0.049992699176073074
0.049953121691942215
0.04997023567557335
0.049990054219961166
0.049997054040431976
0.049977704882621765
0.0499664768576622
0.04999593272805214
0.04998904466629028
0.04997694864869118
0.04998835548758507
0.04996968433260918
0.049954045563936234
0.049990274012088776
0.05000247061252594
0.04999217391014099
0.049978528171777725
0.050021473318338394
0.04998195171356201
0.04993240907788277
0.05000649392604828
0.04997924342751503
0.04998067393898964
0.05000755190849304
0.049979597330093384
0.04995056614279747
0.049967046827077866
0.049967944622039795
0.049964163452386856
0.04998999089002609
0.049972664564847946
0.049955811351537704
0.04999133199453354
0.05001642554998398
0.05000141263008118
0.05000753700733185
0.049992937594652176
0.04993350803852081
0.04999299347400665
0.050000160932540894
0.04999297112226486
0.04999121278524399
0.04992832615971565
0.049981169402599335
0.04996350407600403
0.049994926899671555
0.04993834346532822
0.049992192536592484
0.04997926205396652
