7.368421052631579
3.6842105263157894
5.2631578947368425
4.7368421052631575
4.7368421052631575
5.2631578947368425
5.0
4.7368421052631575
4.7368421052631575
5.2631578947368425
4.2105263157894735
5.7894736842105265
3.6842105263157894
5.0
5.0
6.052631578947368
5.0
5.0
5.0
5.526315789473684
4.2105263157894735
4.2105263157894735
4.473684210526316
5.2631578947368425
4.7368421052631575
5.0
5.526315789473684
5.0
4.7368421052631575
5.0
5.2631578947368425
4.7368421052631575
4.2105263157894735
5.526315789473684
4.473684210526316
5.0
5.0
4.7368421052631575
5.0
5.526315789473684
5.0
4.7368421052631575
5.7894736842105265
3.1578947368421053
4.7368421052631575
5.0
5.7894736842105265
5.7894736842105265
5.2631578947368425
4.7368421052631575
5.0
4.473684210526316
5.0
4.7368421052631575
6.052631578947368
5.0
5.0
5.526315789473684
5.7894736842105265
4.7368421052631575
4.2105263157894735
6.052631578947368
5.2631578947368425
4.2105263157894735
4.473684210526316
5.2631578947368425
5.2631578947368425
5.2631578947368425
5.526315789473684
4.7368421052631575
4.2105263157894735
3.4210526315789473
5.7894736842105265
5.526315789473684
5.526315789473684
4.7368421052631575
5.0
4.7368421052631575
3.6842105263157894
6.052631578947368
5.2631578947368425
5.2631578947368425
5.0
3.9473684210526314
5.0
4.7368421052631575
5.0
4.2105263157894735
5.0
5.2631578947368425
4.7368421052631575
5.0
4.473684210526316
5.2631578947368425
4.2105263157894735
4.7368421052631575
5.2631578947368425
5.7894736842105265
4.2105263157894735
5.7894736842105265
4.2105263157894735
5.7894736842105265
4.2105263157894735
4.473684210526316
5.0
4.473684210526316
5.7894736842105265
5.0
5.2631578947368425
5.526315789473684
5.526315789473684
4.473684210526316
5.2631578947368425
5.0
4.7368421052631575
5.2631578947368425
4.7368421052631575
5.0
5.7894736842105265
5.0
3.9473684210526314
5.2631578947368425
4.473684210526316
4.7368421052631575
3.6842105263157894
4.473684210526316
4.7368421052631575
3.9473684210526314
5.526315789473684
5.526315789473684
4.2105263157894735
5.0
5.0
4.2105263157894735
4.473684210526316
5.0
4.7368421052631575
5.526315789473684
4.2105263157894735
5.2631578947368425
3.9473684210526314
3.9473684210526314
3.6842105263157894
4.7368421052631575
5.2631578947368425
4.473684210526316
5.0
4.2105263157894735
4.2105263157894735
5.7894736842105265
5.526315789473684
4.473684210526316
5.7894736842105265
5.0
5.0
4.7368421052631575
4.7368421052631575
4.473684210526316
4.473684210526316
4.7368421052631575
4.2105263157894735
5.2631578947368425
5.526315789473684
5.0
4.7368421052631575
5.2631578947368425
4.2105263157894735
5.2631578947368425
4.7368421052631575
6.052631578947368
4.2105263157894735
5.7894736842105265
5.0
5.2631578947368425
6.052631578947368
5.0
4.7368421052631575
6.578947368421052
5.0
5.2631578947368425
5.7894736842105265
5.2631578947368425
4.473684210526316
3.9473684210526314
4.7368421052631575
3.9473684210526314
3.4210526315789473
4.473684210526316
5.0
4.473684210526316
5.2631578947368425
4.7368421052631575
4.7368421052631575
4.473684210526316
5.2631578947368425
4.473684210526316
3.9473684210526314
5.0
4.7368421052631575
4.2105263157894735
4.2105263157894735
5.526315789473684
4.7368421052631575
5.2631578947368425
4.7368421052631575
3.6842105263157894
4.473684210526316
3.9473684210526314
5.7894736842105265
4.7368421052631575
4.7368421052631575
4.473684210526316
5.2631578947368425
5.526315789473684
5.0
5.526315789473684
5.0
5.2631578947368425
5.2631578947368425
6.052631578947368
4.7368421052631575
5.2631578947368425
5.0
4.2105263157894735
5.0
3.9473684210526314
4.473684210526316
4.7368421052631575
4.7368421052631575
5.526315789473684
4.473684210526316
5.0
5.526315789473684
5.526315789473684
5.0
4.7368421052631575
5.0
5.2631578947368425
3.6842105263157894
5.526315789473684
5.0
5.7894736842105265
5.0
5.526315789473684
4.7368421052631575
5.2631578947368425
4.7368421052631575
4.7368421052631575
3.9473684210526314
5.7894736842105265
4.7368421052631575
4.473684210526316
5.526315789473684
4.7368421052631575
5.7894736842105265
3.9473684210526314
6.578947368421052
5.526315789473684
5.7894736842105265
4.473684210526316
5.526315789473684
3.9473684210526314
5.0
5.526315789473684
4.2105263157894735
5.2631578947368425
4.473684210526316
5.0
4.473684210526316
3.4210526315789473
4.7368421052631575
4.2105263157894735
5.0
5.0
5.526315789473684
4.473684210526316
4.7368421052631575
5.526315789473684
5.2631578947368425
5.0
4.473684210526316
5.7894736842105265
5.2631578947368425
6.842105263157895
5.526315789473684
4.473684210526316
5.7894736842105265
5.2631578947368425
5.2631578947368425
3.9473684210526314
5.0
6.578947368421052
3.9473684210526314
4.7368421052631575
5.526315789473684
5.2631578947368425
5.2631578947368425
5.0
4.2105263157894735
3.6842105263157894
5.526315789473684
4.473684210526316
4.2105263157894735
5.0
4.473684210526316
5.2631578947368425
5.2631578947368425
6.052631578947368
4.473684210526316
3.9473684210526314
5.0
3.6842105263157894
4.473684210526316
4.473684210526316
5.2631578947368425
6.315789473684211
4.7368421052631575
4.473684210526316
4.7368421052631575
4.7368421052631575
4.7368421052631575
5.7894736842105265
3.6842105263157894
5.7894736842105265
5.526315789473684
4.7368421052631575
5.0
5.0
4.7368421052631575
5.0
5.2631578947368425
5.2631578947368425
4.473684210526316
4.473684210526316
5.526315789473684
4.2105263157894735
5.0
5.2631578947368425
4.7368421052631575
4.2105263157894735
3.4210526315789473
5.0
4.473684210526316
4.473684210526316
4.473684210526316
5.0
5.526315789473684
4.473684210526316
5.2631578947368425
4.7368421052631575
3.9473684210526314
4.2105263157894735
5.2631578947368425
5.0
5.2631578947368425
4.473684210526316
4.2105263157894735
4.7368421052631575
4.473684210526316
5.526315789473684
5.2631578947368425
3.4210526315789473
5.0
5.7894736842105265
5.526315789473684
4.2105263157894735
4.2105263157894735
5.2631578947368425
4.2105263157894735
4.7368421052631575
5.2631578947368425
5.2631578947368425
5.0
5.7894736842105265
4.473684210526316
4.473684210526316
4.473684210526316
4.7368421052631575
5.526315789473684
5.526315789473684
5.0
3.9473684210526314
4.473684210526316
5.526315789473684
5.0
3.6842105263157894
5.2631578947368425
3.9473684210526314
5.2631578947368425
5.0
4.7368421052631575
6.315789473684211
4.2105263157894735
4.473684210526316
5.0
4.473684210526316
4.473684210526316
4.7368421052631575
5.0
4.473684210526316
5.7894736842105265
4.7368421052631575
5.0
3.6842105263157894
5.0
4.473684210526316
5.2631578947368425
4.473684210526316
4.7368421052631575
6.315789473684211
4.7368421052631575
5.0
5.0
4.7368421052631575
4.7368421052631575
4.2105263157894735
5.2631578947368425
5.0
5.0
4.7368421052631575
4.473684210526316
3.9473684210526314
5.526315789473684
5.0
4.2105263157894735
6.578947368421052
4.473684210526316
3.9473684210526314
6.578947368421052
5.7894736842105265
5.526315789473684
5.526315789473684
5.0
5.7894736842105265
5.2631578947368425
5.2631578947368425
3.9473684210526314
3.6842105263157894
5.0
5.0
4.473684210526316
6.315789473684211
4.2105263157894735
5.7894736842105265
6.052631578947368
4.473684210526316
5.7894736842105265
5.526315789473684
5.0
5.526315789473684
3.9473684210526314
4.7368421052631575
6.315789473684211
4.7368421052631575
5.526315789473684
5.2631578947368425
5.0
5.0
4.7368421052631575
5.0
5.0
4.473684210526316
5.2631578947368425
6.315789473684211
5.0
4.473684210526316
4.473684210526316
4.7368421052631575
3.4210526315789473
4.7368421052631575
6.052631578947368
5.2631578947368425
4.7368421052631575
3.6842105263157894
4.7368421052631575
5.2631578947368425
5.2631578947368425
5.526315789473684
4.473684210526316
5.0
5.0
5.2631578947368425
6.052631578947368
4.2105263157894735
3.4210526315789473
4.2105263157894735
4.2105263157894735
5.0
5.2631578947368425
4.7368421052631575
4.2105263157894735
3.9473684210526314
5.0
5.7894736842105265
4.7368421052631575
4.7368421052631575
3.9473684210526314
4.473684210526316
5.2631578947368425
5.0
