0.050123538821935654
0.048692770302295685
0.047800589352846146
0.049141183495521545
0.04838428646326065
0.0485713817179203
0.04827268049120903
0.04888281598687172
0.04822459816932678
0.047974780201911926
0.04818274825811386
0.047997280955314636
0.04786202684044838
0.049248840659856796
0.0480324849486351
0.04780471697449684
0.04788992926478386
0.046808358281850815
0.0475425086915493
0.047433041036129
0.04691589996218681
0.04850421100854874
0.04959096014499664
0.04426123946905136
0.040101610124111176
0.03676268830895424
0.03918168693780899
0.035541266202926636
0.03467646241188049
0.038266342133283615
0.03237948939204216
0.03465695679187775
0.02926820144057274
0.029497642070055008
0.030016286298632622
0.027464769780635834
0.02734239585697651
0.02107342705130577
0.028595559298992157
0.025500794872641563
0.02902940660715103
0.02704770490527153
0.024723675101995468
0.029111968353390694
0.0186740942299366
0.022986510768532753
0.026011323556303978
0.020098794251680374
0.02097291499376297
0.020068876445293427
0.030735740438103676
0.01942216418683529
0.01949365809559822
0.022433068603277206
0.024458877742290497
0.01999153010547161
0.01627710834145546
0.011473474092781544
0.01544780470430851
0.014676342718303204
0.025343064218759537
0.013120759278535843
0.018261732533574104
0.01716817356646061
0.01773206517100334
0.02029341645538807
0.013106736354529858
0.013327337801456451
0.010118919424712658
0.01529266219586134
0.010747626423835754
0.009451054967939854
0.018673375248908997
0.007658339571207762
0.01132272183895111
0.011016841046512127
0.021390166133642197
0.011307701468467712
0.013873145915567875
0.01938808336853981
0.012252284213900566
0.017506394535303116
0.012815084308385849
0.0160708948969841
0.01013521570712328
0.015140624716877937
0.019234327599406242
0.010345377027988434
0.012426747009158134
0.011134225875139236
0.011233491823077202
0.011628628708422184
0.009278293699026108
0.014140441082417965
0.020023617893457413
0.006194227375090122
0.007981584407389164
0.012294504791498184
0.00813256949186325
0.01102867815643549
0.007812325842678547
0.013014310970902443
0.012220361270010471
0.010293731465935707
0.01757478155195713
0.004634414799511433
0.02446736767888069
0.007618849631398916
0.009778404608368874
0.007336622104048729
0.006042080465704203
0.010775762610137463
0.005043625831604004
0.00776585703715682
0.0023077293299138546
0.004310084041208029
0.01464583445340395
0.014300385490059853
0.007854645140469074
0.006772433873265982
0.010438096709549427
0.005587385036051273
0.018416566774249077
0.015494396910071373
0.012860465794801712
0.010389745235443115
0.012963815592229366
0.01351421419531107
0.009312649257481098
0.01474632229655981
0.007142431102693081
0.007572718895971775
0.0059293946251273155
0.009684894233942032
0.005011168774217367
0.008629663847386837
0.007675551809370518
0.006452308036386967
0.011507722549140453
0.011494318954646587
0.007216152269393206
0.013782188296318054
0.009943251498043537
0.007790690287947655
0.011390099301934242
0.0051215398125350475
0.010987863875925541
0.008634562604129314
0.008293099701404572
0.010928040370345116
0.009678848087787628
0.010103510692715645
0.003361591836437583
0.004985006060451269
0.004120010882616043
0.0049491445533931255
0.0077287559397518635
0.006923469249159098
0.0035974676720798016
0.008116967976093292
0.00800926610827446
0.0141431400552392
0.00379947223700583
0.01007948350161314
0.006429772358387709
0.0056216358207166195
0.011480462737381458
0.008627494797110558
0.005907832644879818
0.008967225439846516
0.010419802740216255
0.012326677329838276
0.008346988819539547
0.009277989156544209
0.01196666806936264
0.00460021710023284
0.006368911825120449
0.006370986811816692
0.0060287294909358025
0.005628945771604776
0.006896312814205885
0.007026675157248974
0.013576565310359001
0.004790214821696281
0.007629394065588713
0.009311920963227749
0.004447511862963438
0.009854733943939209
0.00807057786732912
0.0045661116018891335
0.0027861970011144876
0.006727352738380432
0.0031449568923562765
0.008965966291725636
0.006903421599417925
0.008749488741159439
0.0080425925552845
0.007010840345174074
0.003152451477944851
0.006471332628279924
0.011225168593227863
0.008374808356165886
0.005122844595462084
0.0032101573888212442
0.0057368529960513115
0.005817522760480642
0.005632994696497917
0.006493589375168085
0.002137288451194763
0.0073412260971963406
0.0067778886295855045
0.006649478804320097
0.003739382838830352
0.004797384142875671
0.003837918397039175
0.007147254887968302
0.005417266394942999
0.006564520299434662
0.00495607266202569
0.005965132266283035
0.00574465561658144
0.0034753563813865185
0.012338013388216496
0.0069011300802230835
0.008677566424012184
0.001784069580025971
0.00498162629082799
0.00191515835467726
0.012262913398444653
0.008179045282304287
0.004166003782302141
0.004831939470022917
0.01077881921082735
0.0031230649910867214
0.004401067271828651
0.004602633882313967
0.007213088683784008
0.004896099679172039
0.004530726931989193
0.005704968236386776
0.0045130630023777485
0.00831629615277052
0.007869892753660679
0.007457755971699953
0.008445565588772297
0.005689868703484535
0.00469170929864049
0.0036719113122671843
0.005124168004840612
0.004203305579721928
0.0027681344654411077
0.0067092059180140495
0.0016901615308597684
0.0067602116614580154
0.00309379561804235
0.0019796621054410934
0.0035570841282606125
0.006369833368808031
0.0049911849200725555
0.006924713496118784
0.006295372731983662
0.00868207961320877
0.007419364992529154
0.011954136192798615
0.003512934548780322
0.0020083687268197536
0.004192952997982502
0.0024871414061635733
0.007589653134346008
0.005256216041743755
0.002695617498829961
0.0064978888258337975
0.004462968558073044
0.0034899841994047165
0.004367964807897806
0.0007224573637358844
0.004302850924432278
0.002966279163956642
0.0060518160462379456
0.0025330076459795237
0.0018308921717107296
0.00577157735824585
0.0029209714848548174
0.0010728859342634678
0.002772711915895343
0.004546435084193945
0.005140690132975578
0.007528810761868954
0.0042281728237867355
0.00453731557354331
0.0018226896645501256
0.005433137994259596
0.003739004721865058
0.005671452730894089
0.005473849829286337
0.0026166443713009357
0.002168236533179879
0.0032626918982714415
0.0032502186950296164
0.00346582243219018
0.000385797320632264
0.0011285883374512196
0.0022630146704614162
0.0022113944869488478
0.008668110705912113
0.0022542113438248634
0.0038672583177685738
0.001469259150326252
0.00664652232080698
0.0022065709345042706
0.006322877947241068
0.002160515170544386
0.0013516972539946437
0.005384542979300022
0.003344430821016431
0.0025581528898328543
0.003964053001254797
0.0036779209040105343
0.004111867398023605
0.003995969891548157
0.003355231834575534
0.01191161759197712
0.004906508605927229
0.0010994552867487073
0.0015558250015601516
0.004767281468957663
0.004581290762871504
0.004734999965876341
0.004447236191481352
0.0016273017972707748
0.001572663546539843
0.0030002882704138756
0.004238700959831476
0.001780523220077157
0.0065685841254889965
0.0025743006262928247
0.0017511419719085097
0.009311163797974586
0.0070643192157149315
0.0018991200486198068
0.001214296673424542
0.005543634761124849
0.003542529884725809
0.0017209696816280484
0.0031458467710763216
0.0030494402162730694
0.0025935855228453875
0.002537618624046445
0.0018076685955747962
0.0040520657785236835
0.00506334425881505
0.0032035044860094786
0.0003591534623410553
0.0033999611623585224
0.008196879178285599
0.0013627411099150777
0.003398021450266242
0.0037520797923207283
0.0024697775952517986
0.004728664178401232
0.004384753759950399
0.004801962058991194
0.004683264531195164
0.001579158823005855
0.0034682205878198147
0.0027950566727668047
0.002070437418296933
0.0020259025041013956
0.001410696655511856
0.003511320799589157
0.00328714563511312
0.003749235300347209
0.0032678842544555664
0.004224167205393314
0.004463822115212679
0.0025387140922248363
0.0005859813536517322
0.004578308202326298
0.0025178987998515368
0.0037931029219180346
0.0020487038418650627
0.003018490970134735
0.0007836748845875263
0.0009724513511173427
0.003363528521731496
0.003456216538324952
0.0026011255104094744
0.005769461393356323
0.001985677983611822
0.0025742899160832167
0.0037041606847196817
0.0034048494417220354
0.00190177361946553
0.0076076677069067955
0.0018555126152932644
0.003436460392549634
0.0015147482044994831
0.0018741852836683393
0.005403032526373863
0.003785389009863138
0.01622605510056019
0.0046539707109332085
0.004068488720804453
0.0020373803563416004
0.003853974863886833
0.0005749550182372332
0.0021384579595178366
0.001670441823080182
0.002504426520317793
0.004556423984467983
0.004097857046872377
0.00047530626761727035
0.003122180001810193
0.0004289361531846225
0.00018906535115092993
0.0036031813360750675
0.005755248479545116
0.0019331470830366015
0.0021868301555514336
0.0021590895485132933
0.0014874078333377838
0.004005116876214743
0.007119271904230118
0.0025240681134164333
0.0037305366713553667
0.003124956740066409
0.00328518426977098
0.001577508868649602
0.005666431970894337
0.0042817373760044575
0.004344008397310972
0.0013494405429810286
0.004395655356347561
0.0064493087120354176
0.0006605857633985579
0.004156793467700481
0.0042393445037305355
0.001365964999422431
0.0027494283858686686
0.0003361654235050082
0.0076623037457466125
0.004437722265720367
0.0009604195365682244
0.0018249072600156069
0.004930058028548956
0.004728066269308329
0.004611868876963854
0.004985135514289141
0.00540725514292717
0.00391093734651804
0.0003077089786529541
0.006440996658056974
0.002669423120096326
0.0018867958569899201
0.007653650362044573
0.007496759761124849
0.002300800522789359
0.0027414115611463785
0.0010695296805351973
0.008316077291965485
0.0008319918415509164
0.004910192918032408
0.0013798994477838278
0.001102139474824071
0.001958112698048353
0.0015377874951809645
0.004363649990409613
0.0009869143832474947
0.012936607003211975
0.004806968849152327
0.005541907623410225
0.0011597239645197988
0.004375827964395285
0.001404932583682239
0.0008713926654309034
0.0011033675400540233
0.004414702765643597
0.0011426055571064353
0.002901406493037939
0.0032268972136080265
0.004067929927259684
0.009898233227431774
0.002910047769546509
0.002593977376818657
0.0032618967816233635
0.006275997497141361
0.0008864482515491545
0.004607705399394035
0.0011513932840898633
0.0015636089956387877
0.004147452302277088
0.0004571775207296014
0.004693144466727972
0.0028369666542857885
0.0007141927490010858
0.000813418417237699
0.00646626902744174
0.002415061229839921
0.003535775002092123
0.003962147049605846
