0.2733599841594696
0.05501154065132141
0.05089636892080307
0.05033741891384125
0.05029376223683357
0.04945869743824005
0.04891539737582207
0.047166354954242706
0.04774577170610428
0.04614255577325821
0.044539108872413635
0.04396982863545418
0.03866327553987503
0.039220280945301056
0.03663733974099159
0.03520441800355911
0.037289097905159
0.03533432260155678
0.03057105280458927
0.035756319761276245
0.03018965944647789
0.02843383699655533
0.026156960055232048
0.03156661614775658
0.02930263616144657
0.028734201565384865
0.033678796142339706
0.030211642384529114
0.03239750862121582
0.020830387249588966
0.02342800609767437
0.030024128034710884
0.022694600746035576
0.027611050754785538
0.028503304347395897
0.025371892377734184
0.025660919025540352
0.022029414772987366
0.018524538725614548
0.02384663186967373
0.021996378898620605
0.015631966292858124
0.024253353476524353
0.021873442456126213
0.017695633694529533
0.016197282820940018
0.025907030329108238
0.02303016558289528
0.018150148913264275
0.022272884845733643
0.021237770095467567
0.022714249789714813
0.014688814990222454
0.015508378855884075
0.020005159080028534
0.012658816762268543
0.011126773431897163
0.01841464266180992
0.024364806711673737
0.018667083233594894
0.020595792680978775
0.018134571611881256
0.015890900045633316
0.016942700371146202
0.024980541318655014
0.013426955789327621
0.012335441075265408
0.016947194933891296
0.01787867397069931
0.01763671636581421
0.013714773580431938
0.011687765829265118
0.020573638379573822
0.014120062813162804
0.014578480273485184
0.017725301906466484
0.013138674199581146
0.012813429348170757
0.014359995722770691
0.02138499915599823
0.013180284760892391
0.01441925298422575
0.01443530898541212
0.012454443611204624
0.013072584755718708
0.00684052100405097
0.019017145037651062
0.012564461678266525
0.01471701916307211
0.011909467168152332
0.011567547917366028
0.012827265076339245
0.014240800403058529
0.010319347493350506
0.011393118649721146
0.01127296220511198
0.013199270702898502
0.014139857143163681
0.011203921400010586
0.014879920519888401
0.0198863223195076
0.010291269980370998
0.0060227480717003345
0.012043319642543793
0.01344484742730856
0.01242448203265667
0.008629048243165016
0.013894274830818176
0.011905115097761154
0.009234500117599964
0.013588359579443932
0.006608049385249615
0.008642058819532394
0.014422893524169922
0.014041612856090069
0.014760075137019157
0.011742019094526768
0.0071930536068975925
0.009110440500080585
0.016759062185883522
0.008330551907420158
0.014940788969397545
0.013535366393625736
0.01694544404745102
0.010910934768617153
0.013757367618381977
0.015325328335165977
0.012068348005414009
0.013046752661466599
0.011380831710994244
0.013789471238851547
0.017968816682696342
0.01487722061574459
0.011289684101939201
0.006233952008187771
0.01809578575193882
0.011816967278718948
0.0073393178172409534
0.011429563164710999
0.011017950251698494
0.01004752703011036
0.009170150384306908
0.010302894748747349
0.006555886007845402
0.00860347505658865
0.007311669643968344
0.008187667466700077
0.01922624744474888
0.012478088960051537
0.010224026627838612
0.015963397920131683
0.009898637421429157
0.008051248267292976
0.006360167171806097
0.010957890190184116
0.014866801910102367
0.015658345073461533
0.0041601951234042645
0.015834208577871323
0.008005606941878796
0.019325727596879005
0.011210111901164055
0.011403759941458702
0.014902484603226185
0.01355960126966238
0.008120586164295673
0.008390373550355434
0.009295356459915638
0.011727082543075085
0.00958805438131094
0.006106455810368061
0.008409741334617138
0.008913427591323853
0.004785691387951374
0.006426646839827299
0.013943643309175968
0.011763706803321838
0.011616626754403114
0.006919113453477621
0.004795919172465801
0.00851373840123415
0.010241176001727581
0.012567061930894852
0.007561759557574987
0.010309047996997833
0.006437397561967373
0.011280960403382778
0.0102950818836689
0.00745164230465889
0.007181793916970491
0.002446733647957444
0.008859210647642612
0.01378452405333519
0.015378780663013458
0.016172124072909355
0.006077398546040058
0.008877911604940891
0.010649099946022034
0.005071047227829695
0.004805955104529858
0.005540104582905769
0.006262860260903835
0.008678438141942024
0.007882390171289444
0.008209881372749805
0.0024563856422901154
0.011889309622347355
0.007157675921916962
0.016572296619415283
0.004850227851420641
0.006869141943752766
0.008234409615397453
0.00848263967782259
0.010077659972012043
0.007078553084284067
0.0060788718983531
0.01020088791847229
0.009877058677375317
0.005452243611216545
0.0033832548651844263
0.004791746381670237
0.008747520856559277
0.005348674021661282
0.006997526623308659
0.0049464707262814045
0.006975008174777031
0.005123945418745279
0.01352110505104065
0.015475256368517876
0.007039424031972885
0.006087312940508127
0.0041631050407886505
0.01104771625250578
0.010411516763269901
0.010440538637340069
0.0043196845799684525
0.003162620821967721
0.006306069903075695
0.008357983082532883
0.005984524730592966
0.013461980037391186
0.007327490020543337
0.01749364286661148
0.006402216386049986
0.006787722464650869
0.007981867529451847
0.009370448999106884
0.015474113635718822
0.009461470879614353
0.009987586177885532
0.006565232295542955
0.008249356411397457
0.005745763890445232
0.004544372204691172
0.002921380801126361
0.004474496003240347
0.0041618808172643185
0.012346108444035053
0.006955945398658514
0.004607692360877991
0.005326921120285988
0.0054777562618255615
0.002343442291021347
0.003458192339166999
0.0037121407222002745
0.009327718988060951
0.008442504331469536
0.005777036305516958
0.0042573739774525166
0.006467554718255997
0.003615895053371787
0.008886569179594517
0.0024582732003182173
0.007036634720861912
0.009398636408150196
0.006053249351680279
0.009546460583806038
0.004386968910694122
0.0059820725582540035
0.009059636853635311
0.007079291623085737
0.009658263064920902
0.0027922664303332567
0.008971147239208221
0.008560198359191418
0.00657951133325696
0.007341842167079449
0.009061334654688835
0.004132908768951893
0.002834844868630171
0.006012586411088705
0.0029640053398907185
0.00645007099956274
0.00738601153716445
0.007102303206920624
0.001985799055546522
0.004251535050570965
0.005672708619385958
0.004562484100461006
0.0037856195122003555
0.014366992749273777
0.0008529014303348958
0.009745394811034203
0.007146727759391069
0.0032664681784808636
0.005409341771155596
0.0023569061886519194
0.0040229856967926025
0.004252167884260416
0.0023144236765801907
0.0060249506495893
0.010434558615088463
0.00516164256259799
0.004906508140265942
0.007068857084959745
0.0027847005985677242
0.006083628628402948
0.007986771874129772
0.0023113128263503313
0.008792848326265812
0.005545003339648247
0.010012445040047169
0.004428797401487827
0.006327071692794561
0.006583603098988533
0.004435361362993717
0.004078203812241554
0.00608438067138195
0.0036088540218770504
0.010504200123250484
0.005355167668312788
0.003952569328248501
0.003844499820843339
0.004684762563556433
0.0092701967805624
0.002484183060005307
0.013875736854970455
0.0033511400688439608
0.005768902134150267
0.007224104832857847
0.003017446491867304
0.0015202315989881754
0.004537248518317938
0.004484981764107943
0.0026023888494819403
0.004861562512814999
0.01237538643181324
0.007193823345005512
0.006633439101278782
0.0065259928815066814
0.0013007158413529396
0.003404132789000869
0.006736906245350838
0.0031091789714992046
0.005152351222932339
0.0045727998949587345
0.0018898508278653026
0.005256068427115679
0.003566795727238059
0.003945303615182638
0.004230826627463102
0.00429844856262207
0.005688206292688847
0.006742597557604313
0.0017686238279566169
0.00475563108921051
0.002308858558535576
0.005004112608730793
0.0065057724714279175
0.0018364250427111983
0.008949436247348785
0.005704756360501051
0.001492912182584405
0.0027988527435809374
0.002891808981075883
0.005040298216044903
0.002388630760833621
0.0028832878451794386
0.0030187475495040417
0.006891958881169558
0.00451176380738616
0.007305812556296587
0.002967942738905549
0.0016642557457089424
0.008115136064589024
0.0018689008429646492
0.002966680098325014
0.004868826363235712
0.006399764213711023
0.0065124863758683205
0.0038056131452322006
0.009088834747672081
0.009429625235497952
0.00516339298337698
0.0029907652642577887
0.003061926458030939
0.004670996218919754
0.00769640551880002
0.005569423548877239
0.002371304202824831
0.002317801583558321
0.008019739761948586
0.003939979709684849
0.004089896101504564
0.0017369354609400034
0.0030995493289083242
0.004525640048086643
0.0037316547241061926
0.004435981623828411
0.002619306556880474
0.003294062102213502
0.0034031085669994354
0.001473460579290986
0.00416704872623086
0.006251168437302113
0.0038585534784942865
0.006842140108346939
0.003070287639275193
0.00296038668602705
0.0019757121335715055
0.006843591574579477
0.0016093328595161438
0.007619795855134726
0.0036380013916641474
0.0011177289998158813
0.006493282038718462
0.006754002533853054
0.006067045498639345
0.0046447752974927425
0.003946317359805107
0.0019043729407712817
0.0084763178601861
0.0022101779468357563
0.0013626590371131897
0.005721154157072306
0.005598381161689758
0.006722654215991497
0.004334896802902222
0.002773361513391137
0.006003073416650295
0.00935972947627306
0.0028846769127994776
0.005127907730638981
0.004187349695712328
0.0037151009310036898
0.0018897710833698511
0.005183741915971041
0.0036902958527207375
0.0039484575390815735
0.00457520317286253
0.002957262797281146
0.0028432216495275497
0.004881979897618294
0.002948627807199955
0.004432106856256723
0.0059126196429133415
0.005139934830367565
0.001890759915113449
0.008299083448946476
0.00419499771669507
0.0010981294326484203
0.0010003470815718174
0.005133942700922489
0.0020517839584499598
0.0029325156938284636
0.005635576322674751
0.0029740764293819666
0.004370685201138258
0.0035684730391949415
0.003032158361747861
0.003959870897233486
0.006112004164606333
0.004804119933396578
0.002537543186917901
0.005710020661354065
0.004323853645473719
0.0017951478948816657
0.005036248825490475
0.0020413671154528856
0.0025097555480897427
0.006787111051380634
0.00756186805665493
0.001638742396607995
0.002383403480052948
0.0034419596195220947
0.0056107924319803715
0.003966790158301592
0.002526469761505723
0.0024136111605912447
0.006008378695696592
0.0005889261374250054
0.002994845388457179
0.006780404131859541
0.0016095619648694992
0.004207392688840628
0.004630930256098509
0.0030986135825514793
0.0026183382142335176
0.005295241251587868
0.006723212078213692
