0.30160582065582275
0.09701883792877197
0.09280425310134888
0.07461563497781754
0.06591016799211502
0.05743842571973801
0.06596585363149643
0.05473329871892929
0.0658656507730484
0.05133791267871857
0.054020971059799194
0.06132474169135094
0.0616254024207592
0.05127926915884018
0.04993831738829613
0.05978469178080559
0.04837960749864578
0.0371636226773262
0.05343559756875038
0.048715900629758835
0.04096190258860588
0.034262001514434814
0.04979519173502922
0.03989677503705025
0.05505504831671715
0.0315408818423748
0.04647895693778992
0.032312922179698944
0.05630403012037277
0.04839102923870087
0.04110751301050186
0.030605874955654144
0.05288185924291611
0.025976872071623802
0.04938469082117081
0.036706745624542236
0.050696391612291336
0.06327155977487564
0.026739107444882393
0.05158783867955208
0.05070876702666283
0.04358134791254997
0.03727417066693306
0.05539275333285332
0.04086322337388992
0.05766972899436951
0.030261671170592308
0.04086604714393616
0.04149709269404411
0.04378041997551918
0.03581513836979866
0.02603091299533844
0.03211718052625656
0.02847875840961933
0.027780715376138687
0.037700675427913666
0.021731136366724968
0.025363624095916748
0.01844577118754387
0.018022768199443817
0.044290732592344284
0.037681616842746735
0.033664774149656296
0.030302798375487328
0.050678227096796036
0.030466808006167412
0.03892241418361664
0.03632684424519539
0.04006331413984299
0.026571819558739662
0.014628768898546696
0.032899558544158936
0.02506447210907936
0.016817152500152588
0.027792787179350853
0.05660790577530861
0.03461293876171112
0.022867606952786446
0.022999407723546028
0.032073959708213806
0.03825126215815544
0.006171573419123888
0.023411642760038376
0.021649111062288284
0.041304443031549454
0.017947765067219734
0.0423501692712307
0.03504207357764244
0.016504228115081787
0.0384245440363884
0.023269986733794212
0.024135645478963852
0.03896334767341614
0.024893248453736305
0.025757629424333572
0.009189936332404613
0.018002446740865707
0.02588231861591339
0.02996964566409588
0.045480940490961075
0.01253038365393877
0.03872441127896309
0.014643006026744843
0.014879363588988781
0.0088576078414917
0.013976051472127438
0.040219731628894806
0.018203899264335632
0.029858140274882317
0.026866717264056206
0.022685950621962547
0.026220843195915222
0.024039631709456444
0.012771645560860634
0.021576853469014168
0.027745194733142853
0.043181825429201126
0.01392478495836258
0.0156744122505188
0.018281739205121994
0.015649139881134033
0.012311282567679882
0.015443708747625351
0.005482724402099848
0.021620353683829308
0.012737147510051727
0.005399275105446577
0.031082438305020332
0.02311675250530243
0.009255091659724712
0.014675865881145
0.015547756105661392
0.018543876707553864
0.019499294459819794
0.027648460119962692
0.024161113426089287
0.02522537298500538
0.029393991455435753
0.032193172723054886
0.008252887986600399
0.03583884611725807
0.037408292293548584
0.012011285871267319
0.027676492929458618
0.020568659529089928
0.043667592108249664
0.0227060467004776
0.024178948253393173
0.04651040956377983
0.025760818272829056
0.013436532579362392
0.023727035149931908
0.018509186804294586
0.03106849081814289
0.0105813629925251
0.04318821802735329
0.009791905991733074
0.026320811361074448
0.0152061115950346
0.022848796099424362
0.01213739812374115
0.031704291701316833
0.022373812273144722
0.031096583232283592
0.02421783283352852
0.015045227482914925
0.01734546385705471
0.03572225570678711
0.026889394968748093
0.024638086557388306
0.027166828513145447
0.026377851143479347
0.021590491756796837
0.016602082177996635
0.014601485803723335
0.018480589613318443
0.006347831338644028
0.009071635082364082
0.021246008574962616
0.005596408620476723
0.016378259286284447
0.016243912279605865
0.017699871212244034
0.01665724813938141
0.004964596591889858
0.008699002675712109
0.024045590311288834
0.014830995351076126
0.01083279401063919
0.02322317659854889
0.03955625370144844
0.013839303515851498
0.0157819502055645
0.0051984223537147045
0.02711210399866104
0.014195158146321774
0.023527491837739944
0.018187619745731354
0.007522339932620525
0.01698564738035202
0.023219764232635498
0.030169369652867317
0.01561660598963499
0.005470428615808487
0.013751204125583172
0.03952329605817795
0.008043862879276276
0.02918391115963459
0.02721913903951645
0.0321209579706192
0.01564202457666397
0.017994172871112823
0.02531924843788147
0.026126552373170853
0.017430970445275307
0.01905413158237934
0.008646705187857151
0.01632133312523365
0.020800530910491943
0.01873718947172165
0.00926088634878397
0.02988244965672493
0.04017465189099312
0.012351279146969318
0.014391041360795498
0.02351517044007778
0.011322779580950737
0.008479570038616657
0.00885959342122078
0.006253961008042097
0.002387968823313713
0.0219362061470747
0.006350185722112656
0.02490127645432949
0.006596607156097889
0.019191179424524307
0.01043526828289032
0.009622984565794468
0.01686188019812107
0.005641811992973089
0.015123328194022179
0.029772816225886345
0.013956362381577492
0.010428007692098618
0.005965397227555513
0.019703848287463188
0.02067081443965435
0.01628611981868744
0.004129189066588879
0.014349219389259815
0.01444560568779707
0.0104895681142807
0.0197293758392334
0.012064130045473576
0.004254847764968872
0.013279002159833908
0.016520697623491287
0.0015435577370226383
0.010057937353849411
0.014637676998972893
0.006329776253551245
0.025446534156799316
0.00356068997643888
0.004972511436790228
0.008321743458509445
0.007060326635837555
0.008915936574339867
0.003012036671862006
0.004478268790990114
0.025562619790434837
0.022395942360162735
0.020772935822606087
0.00525514455512166
0.01963890716433525
0.021278448402881622
0.010430961847305298
0.028489353135228157
0.0019722043070942163
0.010258838534355164
0.0011390808504074812
0.011497225612401962
0.014119945466518402
0.0060464078560471535
0.00586959533393383
0.015168994665145874
0.00888906978070736
0.014445465058088303
0.018776874989271164
0.007762185763567686
0.0015393628273159266
0.0018783676205202937
0.02453031949698925
0.002719768090173602
0.015620534308254719
0.002230288228020072
0.02092648670077324
0.002714177593588829
0.03795618936419487
0.0018513199174776673
0.00880525540560484
0.007928515784442425
0.002713841153308749
0.014853180386126041
0.0018100995803251863
0.007281591184437275
0.016647202894091606
0.016255874186754227
0.001319308066740632
0.03214714676141739
0.004529808182269335
0.039847973734140396
0.026337837800383568
0.015008712187409401
0.0123100271448493
0.012360485270619392
0.009113392792642117
0.004717313684523106
0.007661540061235428
0.00505694467574358
0.0033754517789930105
0.029723213985562325
0.005071078427135944
0.006735784932971001
0.019264252856373787
0.001240046345628798
0.006291360594332218
0.017185231670737267
0.009270773269236088
0.0030211927369236946
0.002720549702644348
0.006917979568243027
0.004070686176419258
0.012114034965634346
0.007225858047604561
0.019535254687070847
0.003246702253818512
0.006943024694919586
0.01036061067134142
0.018199190497398376
0.0033229049295186996
0.006628887262195349
0.016302058473229408
0.0040605803951621056
0.014291154220700264
0.005638177506625652
0.01716267131268978
0.004572531674057245
0.005407596938312054
0.021979650482535362
0.011920277960598469
0.013794276863336563
0.02596554346382618
0.01854235865175724
0.005541262216866016
0.009643704630434513
0.025376124307513237
0.004664338659495115
0.01236781943589449
0.003907949663698673
0.025044651702046394
0.00241982308216393
0.001496360870078206
0.011165737174451351
0.012530098669230938
0.023174265399575233
0.014103931374847889
0.02139492705464363
0.014254610054194927
0.012964516878128052
0.012980712577700615
0.03252945840358734
0.02168656885623932
0.006933063268661499
0.011203580535948277
0.0033429148606956005
0.011808319017291069
0.003623764030635357
0.0016014176653698087
0.01446438767015934
0.004856071434915066
0.01432887278497219
0.013987173326313496
0.0256023071706295
0.00479865213856101
0.01643264852464199
0.02267063967883587
0.0085412273183465
0.02017960511147976
0.003532965201884508
0.004598906263709068
0.026186324656009674
0.0014629282522946596
0.005837688222527504
0.03512832522392273
0.006006796378642321
0.041222602128982544
0.005716589279472828
0.013576086610555649
0.02301657944917679
0.01572682149708271
0.009547190740704536
0.011120731011033058
0.001515874289907515
0.003671736689284444
0.010633552446961403
0.0010723450686782598
0.004533108323812485
0.0063591571524739265
0.008749294094741344
0.0012500998564064503
0.006335943937301636
0.014936967752873898
0.029229873791337013
0.002751291496679187
0.01274979766458273
0.015228969044983387
0.03923870623111725
0.0019774548709392548
0.03173461928963661
0.013721510767936707
0.001550960005261004
0.006802593823522329
0.0025092631112784147
0.0047787572257220745
0.0026534816715866327
0.01886359415948391
0.005465270485728979
0.006771990098059177
0.011994696222245693
0.0017300647450610995
0.011662513948976994
0.00848616287112236
0.0035346217919141054
0.01600639522075653
0.0021765795536339283
0.014440575614571571
0.0016534222522750497
0.0026204115711152554
0.0047960057854652405
0.001609732978977263
0.0014689891831949353
0.02173740044236183
0.002286453964188695
0.015618696808815002
0.0025116580072790384
0.0077659087255597115
0.01606076955795288
0.0054192915558815
0.013817011378705502
0.02404625341296196
0.01598151959478855
0.0023580535780638456
0.021617921069264412
0.006707109976559877
0.0019075480522587895
0.012834127061069012
0.0016230640467256308
0.008173447102308273
0.02923176996409893
0.0018250730354338884
0.01005624607205391
0.0011996804969385266
0.00627510342746973
0.018986301496624947
0.01792915351688862
0.004559996537864208
0.0011934342328459024
0.002061057137325406
0.015123998746275902
0.0010975486366078258
0.012420225888490677
0.010477746836841106
0.008852215483784676
0.009077907539904118
0.0015942442696541548
0.016374874860048294
0.0019281668355688453
0.02471783570945263
0.015123642049729824
0.002293550642207265
0.003933481872081757
0.02079063095152378
0.015437491238117218
0.011514903977513313
0.0017842131201177835
0.002150963991880417
0.008745403960347176
0.005941221956163645
0.0090008694678545
0.0055621592327952385
0.011391685344278812
0.0019938498735427856
0.007152135018259287
0.015704385936260223
0.002373563824221492
0.013093431480228901
0.0033802222460508347
0.029950207099318504
0.011560030281543732
0.00860104151070118
