8.947368421052632
10.526315789473685
17.894736842105264
40.526315789473685
54.21052631578947
61.578947368421055
53.1578947368421
67.36842105263158
54.73684210526316
68.94736842105263
65.26315789473684
62.10526315789474
52.10526315789474
71.57894736842105
65.78947368421052
63.68421052631579
72.63157894736842
84.73684210526316
66.3157894736842
70.52631578947368
76.3157894736842
88.42105263157895
65.26315789473684
82.63157894736842
68.94736842105263
90.52631578947368
74.21052631578948
86.84210526315789
73.6842105263158
66.84210526315789
81.05263157894737
91.57894736842105
72.63157894736842
92.10526315789474
65.26315789473684
83.15789473684211
66.84210526315789
72.63157894736842
91.05263157894737
65.26315789473684
73.6842105263158
70.0
82.10526315789474
63.68421052631579
76.84210526315789
62.10526315789474
90.0
75.78947368421052
75.26315789473684
78.42105263157895
80.0
91.05263157894737
82.10526315789474
87.36842105263158
90.52631578947368
82.10526315789474
91.05263157894737
91.05263157894737
91.05263157894737
94.21052631578948
72.10526315789474
78.42105263157895
81.57894736842105
85.26315789473684
75.26315789473684
89.47368421052632
80.52631578947368
79.47368421052632
78.94736842105263
88.42105263157895
95.26315789473684
84.21052631578948
91.05263157894737
94.21052631578948
83.6842105263158
63.1578947368421
76.84210526315789
87.36842105263158
91.57894736842105
87.36842105263158
82.63157894736842
100.0
89.47368421052632
89.47368421052632
79.47368421052632
96.3157894736842
76.3157894736842
80.0
92.63157894736842
72.63157894736842
93.15789473684211
82.63157894736842
78.42105263157895
86.84210526315789
92.63157894736842
97.36842105263158
96.3157894736842
87.89473684210526
87.89473684210526
71.57894736842105
100.0
80.52631578947368
95.78947368421052
94.21052631578948
98.94736842105263
96.3157894736842
81.05263157894737
94.73684210526316
89.47368421052632
84.21052631578948
90.0
89.47368421052632
85.78947368421052
95.26315789473684
93.15789473684211
87.36842105263158
81.57894736842105
96.3157894736842
93.15789473684211
93.6842105263158
93.6842105263158
98.42105263157895
94.21052631578948
98.94736842105263
93.6842105263158
97.89473684210526
99.47368421052632
83.15789473684211
87.89473684210526
98.94736842105263
93.6842105263158
88.94736842105263
91.57894736842105
92.63157894736842
85.78947368421052
81.57894736842105
91.05263157894737
84.73684210526316
87.36842105263158
99.47368421052632
79.47368421052632
74.21052631578948
96.84210526315789
86.3157894736842
91.57894736842105
73.6842105263158
92.63157894736842
89.47368421052632
76.3157894736842
93.6842105263158
93.15789473684211
90.0
87.89473684210526
82.63157894736842
97.36842105263158
76.84210526315789
98.42105263157895
84.21052631578948
98.42105263157895
93.15789473684211
99.47368421052632
84.21052631578948
95.26315789473684
87.89473684210526
87.36842105263158
97.36842105263158
87.36842105263158
86.3157894736842
88.42105263157895
92.10526315789474
83.15789473684211
90.0
93.15789473684211
96.84210526315789
93.6842105263158
96.3157894736842
99.47368421052632
96.84210526315789
86.3157894736842
98.42105263157895
92.10526315789474
97.36842105263158
94.21052631578948
91.05263157894737
98.94736842105263
98.94736842105263
96.84210526315789
92.10526315789474
96.3157894736842
92.63157894736842
82.63157894736842
90.0
90.52631578947368
97.89473684210526
88.94736842105263
96.84210526315789
90.52631578947368
97.36842105263158
97.36842105263158
90.52631578947368
90.52631578947368
85.78947368421052
93.15789473684211
98.42105263157895
94.73684210526316
80.0
97.89473684210526
88.42105263157895
92.10526315789474
85.78947368421052
95.78947368421052
87.89473684210526
84.73684210526316
88.94736842105263
98.94736842105263
96.84210526315789
96.84210526315789
90.52631578947368
90.0
92.63157894736842
96.84210526315789
89.47368421052632
80.52631578947368
95.78947368421052
95.26315789473684
88.94736842105263
92.63157894736842
97.89473684210526
97.89473684210526
98.42105263157895
100.0
86.3157894736842
99.47368421052632
84.21052631578948
99.47368421052632
86.84210526315789
98.42105263157895
97.89473684210526
95.26315789473684
98.42105263157895
95.26315789473684
83.6842105263158
95.78947368421052
96.84210526315789
98.42105263157895
96.3157894736842
91.57894736842105
97.89473684210526
100.0
94.21052631578948
96.3157894736842
95.78947368421052
87.89473684210526
95.26315789473684
100.0
95.26315789473684
91.57894736842105
100.0
98.94736842105263
92.63157894736842
96.3157894736842
80.0
100.0
98.94736842105263
97.89473684210526
97.89473684210526
97.89473684210526
99.47368421052632
99.47368421052632
89.47368421052632
89.47368421052632
94.21052631578948
100.0
84.73684210526316
91.57894736842105
95.26315789473684
81.05263157894737
100.0
98.94736842105263
100.0
90.52631578947368
95.78947368421052
99.47368421052632
98.94736842105263
86.84210526315789
94.73684210526316
93.6842105263158
86.84210526315789
96.3157894736842
100.0
100.0
88.42105263157895
99.47368421052632
91.05263157894737
100.0
90.52631578947368
100.0
71.05263157894737
99.47368421052632
98.94736842105263
98.42105263157895
100.0
91.05263157894737
100.0
100.0
87.89473684210526
95.26315789473684
100.0
81.05263157894737
98.42105263157895
74.21052631578948
89.47368421052632
92.63157894736842
96.84210526315789
98.42105263157895
98.94736842105263
100.0
96.3157894736842
98.42105263157895
98.94736842105263
78.42105263157895
98.94736842105263
98.94736842105263
93.15789473684211
99.47368421052632
99.47368421052632
90.52631578947368
97.89473684210526
99.47368421052632
99.47368421052632
98.42105263157895
99.47368421052632
92.63157894736842
98.94736842105263
94.73684210526316
99.47368421052632
97.36842105263158
98.94736842105263
91.57894736842105
98.42105263157895
97.36842105263158
95.26315789473684
98.42105263157895
97.36842105263158
98.94736842105263
90.0
98.94736842105263
98.42105263157895
84.73684210526316
91.05263157894737
95.78947368421052
87.89473684210526
92.63157894736842
99.47368421052632
97.89473684210526
82.63157894736842
98.42105263157895
97.89473684210526
99.47368421052632
83.15789473684211
100.0
100.0
97.36842105263158
97.36842105263158
91.05263157894737
93.15789473684211
90.52631578947368
92.63157894736842
92.10526315789474
94.21052631578948
85.26315789473684
88.42105263157895
98.42105263157895
98.42105263157895
99.47368421052632
98.42105263157895
98.94736842105263
100.0
90.52631578947368
99.47368421052632
92.63157894736842
95.26315789473684
86.3157894736842
100.0
90.0
84.21052631578948
98.94736842105263
91.57894736842105
99.47368421052632
98.42105263157895
84.21052631578948
100.0
99.47368421052632
81.05263157894737
97.36842105263158
73.6842105263158
99.47368421052632
95.26315789473684
86.84210526315789
90.52631578947368
97.89473684210526
93.6842105263158
100.0
98.42105263157895
98.42105263157895
100.0
97.89473684210526
98.42105263157895
96.3157894736842
99.47368421052632
98.94736842105263
97.36842105263158
81.05263157894737
98.42105263157895
90.52631578947368
93.6842105263158
77.36842105263158
100.0
80.52631578947368
98.42105263157895
100.0
97.36842105263158
99.47368421052632
99.47368421052632
100.0
90.0
98.42105263157895
95.26315789473684
93.15789473684211
100.0
95.78947368421052
98.42105263157895
99.47368421052632
91.57894736842105
99.47368421052632
94.73684210526316
100.0
98.94736842105263
98.94736842105263
99.47368421052632
100.0
90.0
100.0
89.47368421052632
99.47368421052632
96.84210526315789
91.57894736842105
98.94736842105263
94.73684210526316
90.52631578947368
94.73684210526316
99.47368421052632
86.3157894736842
100.0
100.0
96.3157894736842
100.0
95.78947368421052
82.10526315789474
100.0
97.36842105263158
100.0
98.42105263157895
90.0
94.21052631578948
98.42105263157895
100.0
100.0
93.6842105263158
100.0
94.73684210526316
94.21052631578948
95.78947368421052
97.89473684210526
100.0
98.42105263157895
99.47368421052632
84.73684210526316
89.47368421052632
100.0
98.94736842105263
93.15789473684211
94.73684210526316
94.73684210526316
100.0
99.47368421052632
95.78947368421052
99.47368421052632
97.36842105263158
97.36842105263158
95.26315789473684
100.0
96.3157894736842
91.57894736842105
100.0
98.42105263157895
100.0
81.57894736842105
97.89473684210526
99.47368421052632
