0.2595292329788208
0.06890735030174255
0.06600514054298401
0.06316563487052917
0.06098746880888939
0.05848013237118721
0.05920904874801636
0.054090555757284164
0.046305980533361435
0.04540007561445236
0.0410880446434021
0.04687885195016861
0.04216903820633888
0.03942829743027687
0.044016797095537186
0.03761473298072815
0.040322765707969666
0.04034974053502083
0.03734337165951729
0.042634349316358566
0.03308382257819176
0.036995578557252884
0.031713180243968964
0.03748555853962898
0.03440507873892784
0.040735743939876556
0.036875221878290176
0.02997150458395481
0.029815994203090668
0.031727273017168045
0.04008563980460167
0.03305990248918533
0.027975549921393394
0.024314163252711296
0.02688036672770977
0.02476189099252224
0.03317314013838768
0.032843586057424545
0.037307463586330414
0.03126854822039604
0.03063228353857994
0.0190475732088089
0.03187005966901779
0.027866708114743233
0.02966945618391037
0.03793799877166748
0.023618310689926147
0.023953983560204506
0.018067331984639168
0.030891533941030502
0.02599136345088482
0.026203365996479988
0.027181940153241158
0.04102836549282074
0.031428076326847076
0.030792592093348503
0.02494855225086212
0.020026803016662598
0.03249559551477432
0.018916167318820953
0.031119491904973984
0.025499150156974792
0.02423911914229393
0.029261671006679535
0.027650846168398857
0.01620357669889927
0.023653769865632057
0.021802959963679314
0.018783360719680786
0.024536700919270515
0.026547150686383247
0.03129678964614868
0.03328125551342964
0.02306865155696869
0.018873119726777077
0.014157095924019814
0.041865184903144836
0.019218672066926956
0.008733997121453285
0.02698696404695511
0.02033725008368492
0.017079349607229233
0.029208626598119736
0.01856863498687744
0.015264524146914482
0.019220976158976555
0.0228622667491436
0.018169503659009933
0.03276977315545082
0.021495340391993523
0.01580958254635334
0.02084704302251339
0.006599397398531437
0.018863914534449577
0.019122805446386337
0.022719282656908035
0.021192897111177444
0.021862385794520378
0.013814137317240238
0.020895913243293762
0.011638942174613476
0.016123028472065926
0.016402795910835266
0.015523083508014679
0.013874777592718601
0.019992679357528687
0.019876105710864067
0.013882649131119251
0.017129067331552505
0.015635306015610695
0.021819422021508217
0.008285226300358772
0.013674668967723846
0.015522735193371773
0.021745076403021812
0.018311413004994392
0.017748842015862465
0.015563825145363808
0.0186260137706995
0.01404632069170475
0.013937124982476234
0.008814063854515553
0.013513979502022266
0.02655327133834362
0.018966495990753174
0.011385140009224415
0.014762082137167454
0.0184901412576437
0.008094911463558674
0.03261229768395424
0.017786560580134392
0.017432844266295433
0.012722513638436794
0.02367069013416767
0.01616394706070423
0.012583492323756218
0.012632169760763645
0.013409880921244621
0.011530782096087933
0.009542123414576054
0.013801285065710545
0.019978154450654984
0.008777531795203686
0.010553445667028427
0.026184026151895523
0.02538295090198517
0.008311268873512745
0.006648528389632702
0.007528811227530241
0.016923202201724052
0.008176515810191631
0.01270365808159113
0.017179567366838455
0.012865637429058552
0.014687473885715008
0.013554654084146023
0.01976882666349411
0.004582125227898359
0.011062098667025566
0.020981023088097572
0.011438258923590183
0.008997144177556038
0.01011271309107542
0.0076660411432385445
0.011232624761760235
0.013622722588479519
0.008236723020672798
0.00404187710955739
0.013241112232208252
0.01341201364994049
0.015093638561666012
0.02179698646068573
0.01014995202422142
0.011754662729799747
0.014739579521119595
0.01076414529234171
0.013643098063766956
0.010277720168232918
0.013828813098371029
0.006174486596137285
0.015295727178454399
0.022787727415561676
0.015598272904753685
0.010985510423779488
0.011251878924667835
0.006202417891472578
0.013441929593682289
0.00770177086815238
0.01202769298106432
0.011283240281045437
0.006265654228627682
0.008634439669549465
0.012784473598003387
0.016790706664323807
0.00709889829158783
0.012712815776467323
0.006395349279046059
0.003495763521641493
0.006400400772690773
0.008851967751979828
0.0183633491396904
0.009567061439156532
0.011932398192584515
0.01202433742582798
0.0086126197129488
0.007519597187638283
0.006378693040460348
0.009740907698869705
0.015124302357435226
0.013232475146651268
0.008840669877827168
0.0027938135899603367
0.006814034190028906
0.004831733647733927
0.01453113742172718
0.00971889402717352
0.012145740911364555
0.006359816528856754
0.005762677639722824
0.008939618244767189
0.009440482594072819
0.008519558236002922
0.014334066770970821
0.018036123365163803
0.009813614189624786
0.007557912729680538
0.0028169499710202217
0.013489706441760063
0.019487028941512108
0.007154551334679127
0.008032278157770634
0.007230236195027828
0.006936340127140284
0.006889619864523411
0.015774747356772423
0.01267961785197258
0.008948433212935925
0.006280836649239063
0.003646108089014888
0.0043188598938286304
0.016718868166208267
0.014021436683833599
0.004582614172250032
0.009626063518226147
0.010416848585009575
0.003598113777115941
0.008650442585349083
0.0064714448526501656
0.007778714410960674
0.007834913209080696
0.009269125759601593
0.008707001805305481
0.007929671555757523
0.001562139019370079
0.011675531044602394
0.021889111027121544
0.015080196782946587
0.026165930554270744
0.010336565785109997
0.006423972547054291
0.003076426452025771
0.0014668443473055959
0.002227783901616931
0.005669363308697939
0.0031936115119606256
0.006567054428160191
0.010776898823678493
0.006134816911071539
0.003802995663136244
0.006514189764857292
0.007611146196722984
0.006058520637452602
0.005246210843324661
0.005460974294692278
0.009898295626044273
0.001936685643158853
0.01247391663491726
0.006156644318252802
0.008078089915215969
0.008644371293485165
0.0017167376354336739
0.004349552560597658
0.003107984084635973
0.007861334830522537
0.009983299300074577
0.004992949776351452
0.001360332127660513
0.00600986834615469
0.003437779610976577
0.0014093220233917236
0.00870076660066843
0.008661416359245777
0.007704110816121101
0.008323515765368938
0.0029221223667263985
0.005913373548537493
0.006181736942380667
0.00509336031973362
0.010003630071878433
0.008231125771999359
0.0013184885028749704
0.013535615988075733
0.012999272905290127
0.009099961258471012
0.005569914821535349
0.0025908572133630514
0.006813560146838427
0.010725142434239388
0.002814760198816657
0.0015712811145931482
0.0061034634709358215
0.004024077206850052
0.005580522585660219
0.002679706085473299
0.003961435053497553
0.006532223895192146
0.004781994968652725
0.0012849923223257065
0.009454985149204731
0.008663997054100037
0.00914834626019001
0.008585020899772644
0.0023345723748207092
0.0055759442038834095
0.005746588576585054
0.0059533631429076195
0.010561567731201649
0.006451794411987066
0.0021618849132210016
0.009863175451755524
0.0039949193596839905
0.0028433382976800203
0.0035388667602092028
0.007896829396486282
0.009991299360990524
0.004269221797585487
0.005006591323763132
0.010368775576353073
0.0021189344115555286
0.003995293285697699
0.011917075142264366
0.002217225031927228
0.0016839461168274283
0.008258671499788761
0.006599705666303635
0.003223610343411565
0.005567561835050583
0.004875700455158949
0.0058356220833957195
0.008913323283195496
0.009152154438197613
0.010194397531449795
0.0021269768476486206
0.013027552515268326
0.007669608108699322
0.00888372678309679
0.006010343786329031
0.006095539312809706
0.0017144593875855207
0.007837997749447823
0.00399867445230484
0.005249951966106892
0.011039089411497116
0.010194211266934872
0.0028660083189606667
0.0021944353356957436
0.007430746220052242
0.0011466707801446319
0.0024533828254789114
0.004385929089039564
0.009479843080043793
0.0020054287742823362
0.0006042063469067216
0.011371878907084465
0.005114247091114521
0.007530565373599529
0.014308644458651543
0.0013279224513098598
0.0015579566825181246
0.0011271678376942873
0.0033654579892754555
0.012539258226752281
0.006041767541319132
0.011287186294794083
0.00650978647172451
0.002424206817522645
0.0027578440494835377
0.007588980719447136
0.011448399163782597
0.003427313407883048
0.003935982007533312
0.006866431329399347
0.00418107071891427
0.0013501407811418176
0.004397885873913765
0.0033530471846461296
0.002042297972366214
0.0025642658583819866
0.00411006435751915
0.01368155051022768
0.010466144420206547
0.00951453484594822
0.0008169987122528255
0.01051435898989439
0.004676280543208122
0.003909471910446882
0.009498979896306992
0.006063502281904221
0.003823398146778345
0.008813867345452309
0.0017450200393795967
0.0030716233886778355
0.0007683128351345658
0.007161605637520552
0.004097179975360632
0.0014726867666468024
0.002108627697452903
0.008998258039355278
0.0013841137988492846
0.004276746418327093
0.0016994110774248838
0.004060387145727873
0.012290948070585728
0.0018561818869784474
0.0022175703197717667
0.001167655223980546
0.005697001703083515
0.012277164496481419
0.0013022522907704115
0.007996850647032261
0.006844051647931337
0.000408660969696939
0.001965390983968973
0.0034738483373075724
0.0018218975747004151
0.0066250464878976345
0.0018296631751582026
0.0015466143377125263
0.0034884694032371044
0.0012847463367506862
0.0003991665143985301
0.004332848358899355
0.0007701292634010315
0.0021069112699478865
0.006283806636929512
0.007329810876399279
0.007767159957438707
0.008000072091817856
0.010405304841697216
0.0018247537082061172
0.0032096782233566046
0.00690926518291235
0.005143496673554182
0.0006913223769515753
0.0002852704201359302
0.0035108900628983974
0.0036777821369469166
0.001144050038419664
0.0015349305467680097
0.002724024001508951
0.004931464791297913
0.0030082447919994593
0.001960164401680231
0.01814655214548111
0.008992401883006096
0.009159146808087826
0.005987819284200668
0.0008337311446666718
0.004826528951525688
0.0010549817234277725
0.00035590544575825334
0.005007739644497633
0.01532735489308834
0.005843693856149912
0.0008287788950838149
0.002677514683455229
0.005461287219077349
0.0006099633756093681
0.009704239666461945
0.001217672717757523
0.0007828501402400434
0.004809228237718344
0.008743089623749256
0.005843121092766523
0.008281206712126732
0.003881780430674553
0.0010033863363787532
0.002068509114906192
0.013756374828517437
0.011170530691742897
0.00330583774484694
0.002455472480505705
0.0030817005317658186
0.00522638950496912
0.006089718546718359
0.0006807672325521708
0.003146439790725708
0.008830063045024872
0.015512705780565739
0.0053891995921730995
