6.666666666666667
5.964912280701754
7.719298245614035
13.68421052631579
14.736842105263158
20.350877192982455
21.75438596491228
29.82456140350877
49.824561403508774
51.578947368421055
56.49122807017544
50.175438596491226
56.8421052631579
64.91228070175438
52.98245614035088
69.82456140350877
59.64912280701754
61.40350877192982
66.3157894736842
57.89473684210526
77.89473684210526
70.52631578947368
71.57894736842105
67.71929824561404
68.7719298245614
58.59649122807018
68.7719298245614
75.78947368421052
80.35087719298245
71.2280701754386
62.80701754385965
68.0701754385965
84.21052631578948
80.70175438596492
77.19298245614036
87.01754385964912
67.36842105263158
76.14035087719299
63.85964912280702
74.03508771929825
77.19298245614036
86.3157894736842
76.49122807017544
75.08771929824562
74.03508771929825
65.96491228070175
84.91228070175438
85.26315789473684
91.9298245614035
73.33333333333333
81.05263157894737
80.0
75.78947368421052
59.29824561403509
70.87719298245614
63.50877192982456
75.08771929824562
87.71929824561404
67.36842105263158
87.36842105263158
72.28070175438596
84.56140350877193
81.75438596491227
76.14035087719299
81.05263157894737
92.63157894736842
84.21052631578948
82.10526315789474
84.21052631578948
79.64912280701755
78.59649122807018
67.71929824561404
68.7719298245614
81.40350877192982
90.17543859649123
88.0701754385965
63.85964912280702
91.2280701754386
97.54385964912281
76.84210526315789
83.85964912280701
90.52631578947368
71.2280701754386
89.47368421052632
90.17543859649123
87.01754385964912
87.01754385964912
88.0701754385965
74.3859649122807
85.6140350877193
94.03508771929825
81.05263157894737
98.24561403508773
85.26315789473684
89.47368421052632
84.91228070175438
82.80701754385964
83.50877192982456
91.9298245614035
85.6140350877193
96.14035087719299
87.71929824561404
89.47368421052632
91.57894736842105
88.42105263157895
84.91228070175438
86.3157894736842
91.2280701754386
90.52631578947368
89.82456140350877
79.29824561403508
97.54385964912281
92.98245614035088
91.9298245614035
84.56140350877193
81.75438596491227
86.66666666666667
90.17543859649123
88.42105263157895
92.63157894736842
90.52631578947368
95.08771929824562
91.9298245614035
73.33333333333333
84.91228070175438
87.01754385964912
89.47368421052632
83.50877192982456
94.3859649122807
78.59649122807018
90.52631578947368
89.12280701754386
95.08771929824562
78.24561403508773
88.0701754385965
88.42105263157895
91.9298245614035
89.12280701754386
91.2280701754386
93.6842105263158
85.6140350877193
81.40350877192982
95.43859649122807
97.19298245614036
84.56140350877193
82.80701754385964
97.54385964912281
98.94736842105263
97.54385964912281
85.6140350877193
94.3859649122807
92.63157894736842
87.36842105263158
90.52631578947368
87.36842105263158
90.87719298245614
80.0
98.59649122807018
94.03508771929825
83.85964912280701
98.24561403508773
95.08771929824562
95.43859649122807
94.3859649122807
91.9298245614035
85.26315789473684
95.78947368421052
99.29824561403508
87.36842105263158
95.43859649122807
89.47368421052632
83.15789473684211
95.08771929824562
92.28070175438596
88.42105263157895
90.52631578947368
92.28070175438596
91.2280701754386
93.6842105263158
98.59649122807018
91.2280701754386
80.70175438596492
89.12280701754386
95.43859649122807
93.33333333333333
98.59649122807018
92.63157894736842
94.3859649122807
90.52631578947368
90.52631578947368
97.19298245614036
92.98245614035088
88.42105263157895
91.9298245614035
98.94736842105263
92.28070175438596
97.89473684210526
99.29824561403508
100.0
90.87719298245614
85.26315789473684
96.49122807017544
90.17543859649123
94.73684210526316
91.9298245614035
92.63157894736842
96.84210526315789
94.73684210526316
88.42105263157895
86.66666666666667
96.14035087719299
99.64912280701755
97.54385964912281
98.94736842105263
90.52631578947368
94.73684210526316
87.01754385964912
97.89473684210526
99.64912280701755
92.98245614035088
94.73684210526316
94.73684210526316
92.98245614035088
82.10526315789474
95.43859649122807
96.84210526315789
99.29824561403508
93.33333333333333
81.05263157894737
94.73684210526316
95.08771929824562
94.73684210526316
95.78947368421052
99.29824561403508
92.63157894736842
94.03508771929825
94.3859649122807
96.84210526315789
98.24561403508773
99.64912280701755
85.96491228070175
92.28070175438596
98.24561403508773
92.98245614035088
91.57894736842105
97.89473684210526
93.33333333333333
98.24561403508773
96.49122807017544
94.73684210526316
95.08771929824562
91.9298245614035
94.3859649122807
100.0
89.82456140350877
85.26315789473684
85.6140350877193
86.3157894736842
95.43859649122807
94.73684210526316
98.59649122807018
99.29824561403508
99.64912280701755
96.49122807017544
97.89473684210526
94.3859649122807
94.73684210526316
97.89473684210526
97.54385964912281
94.3859649122807
97.19298245614036
98.24561403508773
97.19298245614036
96.84210526315789
93.6842105263158
99.29824561403508
91.57894736842105
95.78947368421052
97.89473684210526
96.14035087719299
99.64912280701755
100.0
99.64912280701755
93.6842105263158
93.33333333333333
97.89473684210526
100.0
97.19298245614036
99.29824561403508
99.29824561403508
94.3859649122807
94.73684210526316
96.84210526315789
93.6842105263158
100.0
95.43859649122807
96.84210526315789
96.49122807017544
93.33333333333333
92.28070175438596
100.0
88.7719298245614
87.36842105263158
92.98245614035088
96.49122807017544
99.29824561403508
97.89473684210526
91.57894736842105
100.0
99.29824561403508
97.19298245614036
96.49122807017544
99.64912280701755
98.94736842105263
95.78947368421052
96.84210526315789
96.49122807017544
100.0
92.63157894736842
93.33333333333333
93.6842105263158
92.98245614035088
99.29824561403508
96.84210526315789
96.14035087719299
96.14035087719299
95.78947368421052
99.64912280701755
99.64912280701755
92.98245614035088
98.94736842105263
97.54385964912281
98.94736842105263
95.43859649122807
90.87719298245614
97.19298245614036
96.49122807017544
90.87719298245614
98.94736842105263
97.19298245614036
91.2280701754386
98.24561403508773
100.0
94.3859649122807
98.59649122807018
99.64912280701755
96.14035087719299
98.59649122807018
99.29824561403508
93.33333333333333
91.2280701754386
93.33333333333333
99.29824561403508
90.17543859649123
91.9298245614035
92.98245614035088
96.14035087719299
95.78947368421052
100.0
95.78947368421052
99.64912280701755
94.3859649122807
93.6842105263158
89.82456140350877
98.94736842105263
100.0
94.73684210526316
100.0
99.64912280701755
98.59649122807018
93.33333333333333
99.64912280701755
100.0
91.57894736842105
97.89473684210526
95.08771929824562
87.36842105263158
100.0
100.0
99.64912280701755
98.94736842105263
90.87719298245614
96.49122807017544
93.33333333333333
97.89473684210526
100.0
100.0
98.94736842105263
93.6842105263158
97.89473684210526
97.19298245614036
96.84210526315789
95.78947368421052
99.64912280701755
96.14035087719299
97.89473684210526
99.29824561403508
98.94736842105263
99.29824561403508
89.12280701754386
95.78947368421052
90.87719298245614
100.0
92.63157894736842
97.54385964912281
99.29824561403508
92.63157894736842
96.14035087719299
97.54385964912281
93.6842105263158
98.94736842105263
97.89473684210526
100.0
94.73684210526316
95.78947368421052
100.0
100.0
94.03508771929825
100.0
98.24561403508773
99.64912280701755
98.24561403508773
87.01754385964912
98.94736842105263
99.64912280701755
98.94736842105263
94.3859649122807
94.3859649122807
100.0
97.19298245614036
97.54385964912281
100.0
99.29824561403508
96.14035087719299
99.64912280701755
94.3859649122807
99.29824561403508
99.64912280701755
97.54385964912281
100.0
100.0
99.64912280701755
99.64912280701755
98.59649122807018
96.84210526315789
97.19298245614036
97.54385964912281
95.78947368421052
92.28070175438596
100.0
99.64912280701755
94.73684210526316
97.89473684210526
100.0
100.0
99.64912280701755
99.29824561403508
99.29824561403508
99.29824561403508
98.94736842105263
97.89473684210526
97.54385964912281
98.59649122807018
83.15789473684211
96.84210526315789
95.08771929824562
98.24561403508773
100.0
94.03508771929825
99.64912280701755
100.0
98.59649122807018
89.12280701754386
97.54385964912281
100.0
99.64912280701755
96.84210526315789
99.64912280701755
93.6842105263158
99.29824561403508
99.64912280701755
98.24561403508773
91.2280701754386
94.3859649122807
94.03508771929825
99.64912280701755
99.64912280701755
99.64912280701755
85.96491228070175
92.63157894736842
97.89473684210526
100.0
98.59649122807018
94.73684210526316
96.14035087719299
100.0
98.59649122807018
93.33333333333333
88.0701754385965
97.89473684210526
