0.2886999547481537
0.03232089802622795
0.03242659196257591
0.03186623007059097
0.03112153895199299
0.03051023557782173
0.029481152072548866
0.028773562982678413
0.02784038707613945
0.02577667124569416
0.024970877915620804
0.025578027591109276
0.024367893114686012
0.024222571402788162
0.024007529020309448
0.02045031078159809
0.02130340412259102
0.019887492060661316
0.019966885447502136
0.02001943066716194
0.02022966556251049
0.01593530923128128
0.017993319779634476
0.017620228230953217
0.017152804881334305
0.017974872142076492
0.017852822318673134
0.017284102737903595
0.016206946223974228
0.019722450524568558
0.015234083868563175
0.01595156639814377
0.015036695636808872
0.012423534877598286
0.016424618661403656
0.012944590300321579
0.014776311814785004
0.013201287016272545
0.015491075813770294
0.012263333424925804
0.015129173174500465
0.012518052011728287
0.014277656562626362
0.010446052066981792
0.01179489865899086
0.01508692279458046
0.010616224259138107
0.010791332460939884
0.011299703270196915
0.013168484903872013
0.010201129131019115
0.009722561575472355
0.015651557594537735
0.013059697113931179
0.010919108986854553
0.00905878096818924
0.013433909974992275
0.009100807830691338
0.00931570678949356
0.008657010272145271
0.013826927170157433
0.012063642963767052
0.008479471318423748
0.012218854390084743
0.010140454396605492
0.00870509259402752
0.004786104429513216
0.009450708515942097
0.008287400007247925
0.005139080807566643
0.007290050387382507
0.008674115873873234
0.006964265368878841
0.007288719993084669
0.01161990500986576
0.011705920100212097
0.007457207888364792
0.007913862355053425
0.007354716304689646
0.006026874296367168
0.009362446144223213
0.008664894849061966
0.007943425327539444
0.008256392553448677
0.00726999482139945
0.009530236013233662
0.0063516804948449135
0.0062434133142232895
0.007688810583204031
0.004769911989569664
0.007671944797039032
0.008070692420005798
0.008776579052209854
0.006436411291360855
0.006794605869799852
0.005607597529888153
0.007195330690592527
0.005883398931473494
0.009448850527405739
0.005600485950708389
0.008199553936719894
0.005010539665818214
0.007987741380929947
0.005539379548281431
0.010307968594133854
0.005704508628696203
0.003315602196380496
0.008629653602838516
0.006482499651610851
0.0068731349892914295
0.0031777482945472
0.008768895640969276
0.0063565499149262905
0.005999754648655653
0.0061998204328119755
0.003827831242233515
0.0057825311087071896
0.004145210608839989
0.0059922621585428715
0.006518159992992878
0.008609906770288944
0.005156207364052534
0.0052146329544484615
0.0036306497640907764
0.006621853914111853
0.010492258705198765
0.008612495847046375
0.005012498702853918
0.005698752589523792
0.005184922367334366
0.007686073891818523
0.00797407515347004
0.004869421012699604
0.007632721681147814
0.006562343332916498
0.0060231126844882965
0.009129136800765991
0.004660312552005053
0.0045868693850934505
0.0023380988277494907
0.007090697530657053
0.004851983394473791
0.0034465035423636436
0.00397272314876318
0.0065834373235702515
0.0060906121507287025
0.004643858410418034
0.0045589543879032135
0.0055906628258526325
0.006497370544821024
0.005290296860039234
0.0029589785262942314
0.005148909520357847
0.007273627910763025
0.00426239101216197
0.004466392565518618
0.007370716892182827
0.004129503853619099
0.004815638996660709
0.007404380943626165
0.004463032353669405
0.005630661733448505
0.005438994616270065
0.004442420322448015
0.004902908578515053
0.004220113158226013
0.0067811221815645695
0.004125639330595732
0.004412373993545771
0.004131349269300699
0.0036966647021472454
0.006718324031680822
0.004932163283228874
0.00726278917863965
0.004519681911915541
0.004196244291961193
0.004097397904843092
0.006418060511350632
0.006683001760393381
0.004769423510879278
0.00452357018366456
0.0038819133769720793
0.0043845451436936855
0.0039140996523201466
0.003210712457075715
0.006780524738132954
0.005441815126687288
0.003463316708803177
0.00437826756387949
0.005958830937743187
0.00553103955462575
0.0038014131132513285
0.0038279870059341192
0.005113597959280014
0.0035266228951513767
0.005035631824284792
0.006240307353436947
0.0036714838352054358
0.0028216037899255753
0.002232795814052224
0.0034937188029289246
0.0053146639838814735
0.0051017096266150475
0.0023632459342479706
0.0062887705862522125
0.0018277037888765335
0.0036975506227463484
0.005354724358767271
0.0034664468839764595
0.003777677658945322
0.003007478779181838
0.006140720099210739
0.0042465380392968655
0.0028015899006277323
0.004357804078608751
0.0032189427874982357
0.00544649688526988
0.004614382516592741
0.0057453676126897335
0.0026727409567683935
0.004216380883008242
0.0024786258582025766
0.005265738815069199
0.003756471909582615
0.002703096019104123
0.00324804475530982
0.0030402550473809242
0.0048024761490523815
0.0037973516155034304
0.004122386686503887
0.002924193860962987
0.006633072160184383
0.0029039117507636547
0.0006673824391327798
0.005735231563448906
0.0032283933833241463
0.003801202867180109
0.0032210182398557663
0.0027269304264336824
0.0026073919143527746
0.0048230960965156555
0.0038994201458990574
0.002230914542451501
0.003970051649957895
0.003415494691580534
0.003715070430189371
0.003758470294997096
0.004437620285898447
0.004142060875892639
0.0044770692475140095
0.00244852970354259
0.0030913865193724632
0.0022562353406101465
0.002737011294811964
0.0014537764945998788
0.002885314868763089
0.0038355740252882242
0.00216989335604012
0.005788695532828569
0.004611931275576353
0.002710566855967045
0.003053027903661132
0.0023549713660031557
0.001035580295138061
0.0028530359268188477
0.002683448838070035
0.005606501828879118
0.0035520331002771854
0.0028781581204384565
0.002823625458404422
0.004865139722824097
0.00487077422440052
0.0015162265626713634
0.0038360157050192356
0.003636113600805402
0.002451891079545021
0.0035628050100058317
0.0032104263082146645
0.0031742234714329243
0.0036282839719206095
0.002538517117500305
0.003115676576271653
0.0031152688898146152
0.004272618796676397
0.0012347431620582938
0.003872452536597848
0.004335705190896988
0.001678355853073299
0.002512997481971979
0.0028489420656114817
0.001538317184895277
0.0035129000898450613
0.0025339245330542326
0.0036667415406554937
0.002665572101250291
0.005504223518073559
0.0018393220379948616
0.003934796433895826
0.006285208277404308
0.0018038767157122493
0.005145951174199581
0.0017957014497369528
0.0023466460406780243
0.003772924654185772
0.0005117536638863385
0.0028239060193300247
0.004777420777827501
0.001618910115212202
0.0032135923393070698
0.0025386556517332792
0.0019866821821779013
0.002693351125344634
0.002208653138950467
0.0016484578372910619
0.0038586624432355165
0.0031577344052493572
0.004005275201052427
0.003917648456990719
0.002763689262792468
0.0023432730231434107
0.002083522966131568
0.0017249254742637277
0.0010827579535543919
0.0020424958784133196
0.00037615225301124156
0.0060482267290353775
0.002712749410420656
0.002316318918019533
0.006615524645894766
0.002417447743937373
0.0019073222065344453
0.003215949982404709
0.00340321846306324
0.002402324927970767
0.0010059195337817073
0.0019371426897123456
0.001634914893656969
0.002480618190020323
0.004879951011389494
0.003307521576061845
0.001065413816832006
0.00422896770760417
0.001627340679988265
0.0036670276895165443
0.002485128352418542
0.0029716675635427237
0.0028312040958553553
0.002654600888490677
0.0025720451958477497
0.002441117540001869
0.002989657921716571
0.003418724285438657
0.0029501765966415405
0.002125725382938981
0.005423258990049362
0.0018602595664560795
0.0011629080399870872
0.0030996554996818304
0.0014424556866288185
0.0013923253864049911
0.0016239359974861145
0.0032443609088659286
0.001059609348885715
0.005757345352321863
0.0031804745085537434
0.003514906158670783
0.0035200929269194603
0.0015446580946445465
0.001688515767455101
0.0014586540637537837
0.002138520823791623
0.003621138632297516
0.004326759837567806
0.0018448032205924392
0.0019342991290614009
0.0047696782276034355
0.0017104109283536673
0.0012468087952584028
0.0022476431913673878
0.004270193632692099
0.003147314302623272
0.0030855368822813034
0.001931406557559967
0.0027114416006952524
0.0012538497103378177
0.002056930446997285
0.0013793854741379619
0.0012637922773137689
0.0027113778050988913
0.00253501464612782
0.0026650098152458668
0.003478498198091984
0.0035613735672086477
0.004332228098064661
0.002264938550069928
0.000936552241910249
0.0023948638699948788
0.0024931803345680237
0.0032149888575077057
0.0011705472134053707
0.003863066202029586
0.0034451286774128675
0.003940621390938759
0.0014509655302390456
0.0018116021528840065
0.0018633712315931916
0.0016808898653835058
0.003760720370337367
0.0011963567230850458
0.00494379922747612
0.0028170410078018904
0.0013743456220254302
0.001959020271897316
0.0021289088763296604
0.0016222767299041152
0.0036962367594242096
0.0025602790992707014
0.0010511022992432117
0.004025042522698641
0.0016999487997964025
0.0026413106825202703
0.003488758113235235
0.00563633069396019
0.0012211231514811516
0.00622234120965004
0.002456961665302515
0.0025346463080495596
0.0006333124474622309
0.002014582511037588
0.0032582541462033987
0.003527216147631407
0.0012315830681473017
0.001037773210555315
0.0026391849387437105
0.0033395939972251654
0.0011843693209812045
0.0032769073732197285
0.0019407557556405663
0.0021383599378168583
0.0032161627896130085
0.0020840445067733526
0.002284966642037034
0.00038747480721212924
0.0018029469065368176
0.0018361672991886735
0.0038207685574889183
0.0017864130204543471
0.002127287909388542
0.002791178645566106
0.002845407696440816
0.0032517488580197096
0.0011019482044503093
0.0013927598483860493
0.0030975742265582085
0.0019890267867594957
0.0008066370501182973
0.0017358219483867288
0.0018444675952196121
0.0020260780584067106
0.002069999696686864
0.00236501544713974
0.000588758906815201
0.0010466701351106167
0.0018623677315190434
0.0004186381120234728
0.0041889348067343235
0.002090221969410777
0.0012616451131179929
0.0021961063612252474
0.002998839132487774
0.0009849651250988245
0.0015402762219309807
0.002652487950399518
0.0016968800919130445
0.00501966429874301
0.002055963035672903
0.0016269542975351214
0.0013426855439320207
0.002793849678710103
0.001800689846277237
0.0034656664356589317
0.0026028945576399565
0.00039515557000413537
0.0014604206662625074
0.0009446624899283051
0.003390680067241192
0.00017148893675766885
0.0030986678320914507
0.0010614772327244282
0.0028542906511574984
0.0020733780693262815
0.002217247150838375
0.0033000209368765354
0.0017895691562443972
0.005406905431300402
0.003119344124570489
0.0029763171914964914
0.0012427191250026226
0.0024992392864078283
0.004469777457416058
