3.3333333333333335
6.666666666666667
4.2105263157894735
6.666666666666667
12.280701754385966
14.736842105263158
16.49122807017544
28.42105263157895
37.719298245614034
48.24561403508772
56.31578947368421
44.73684210526316
54.3859649122807
53.50877192982456
58.24561403508772
66.49122807017544
61.92982456140351
65.26315789473684
64.3859649122807
68.7719298245614
62.10526315789474
73.50877192982456
71.9298245614035
74.73684210526316
71.57894736842105
69.47368421052632
70.17543859649123
72.98245614035088
74.56140350877193
64.56140350877193
78.42105263157895
72.63157894736842
74.56140350877193
83.33333333333333
68.42105263157895
86.49122807017544
74.21052631578948
80.87719298245614
70.17543859649123
83.33333333333333
72.80701754385964
80.35087719298245
72.80701754385964
84.56140350877193
80.52631578947368
75.78947368421052
87.36842105263158
81.57894736842105
79.64912280701755
83.6842105263158
85.43859649122807
88.24561403508773
68.42105263157895
81.05263157894737
80.17543859649123
83.50877192982456
75.78947368421052
84.56140350877193
85.96491228070175
85.26315789473684
80.17543859649123
79.82456140350877
90.35087719298245
82.10526315789474
82.28070175438596
87.36842105263158
94.91228070175438
78.42105263157895
86.3157894736842
94.3859649122807
88.94736842105263
85.6140350877193
88.94736842105263
89.64912280701755
80.17543859649123
80.17543859649123
89.12280701754386
86.49122807017544
86.49122807017544
94.3859649122807
83.6842105263158
85.78947368421052
87.71929824561404
86.3157894736842
91.05263157894737
80.35087719298245
86.84210526315789
90.35087719298245
84.21052631578948
92.10526315789474
85.78947368421052
88.24561403508773
83.50877192982456
87.54385964912281
86.49122807017544
93.33333333333333
87.71929824561404
87.36842105263158
80.0
87.54385964912281
82.63157894736842
92.10526315789474
82.80701754385964
92.28070175438596
79.82456140350877
90.52631578947368
94.91228070175438
83.6842105263158
87.71929824561404
89.29824561403508
95.43859649122807
80.70175438596492
85.08771929824562
90.35087719298245
84.21052631578948
93.15789473684211
90.0
94.03508771929825
90.0
86.84210526315789
80.35087719298245
89.29824561403508
88.24561403508773
95.43859649122807
91.40350877192982
79.47368421052632
84.91228070175438
91.75438596491227
87.71929824561404
88.7719298245614
84.91228070175438
85.43859649122807
91.9298245614035
84.3859649122807
88.0701754385965
88.7719298245614
82.80701754385964
91.05263157894737
92.63157894736842
96.49122807017544
84.91228070175438
91.05263157894737
93.15789473684211
95.08771929824562
86.66666666666667
90.52631578947368
90.87719298245614
92.28070175438596
88.7719298245614
86.49122807017544
89.82456140350877
96.14035087719299
91.05263157894737
85.26315789473684
92.45614035087719
88.7719298245614
87.19298245614036
92.45614035087719
89.47368421052632
84.56140350877193
93.85964912280701
88.42105263157895
89.29824561403508
90.52631578947368
90.87719298245614
95.6140350877193
82.28070175438596
94.03508771929825
93.85964912280701
91.05263157894737
93.15789473684211
87.71929824561404
95.26315789473684
84.91228070175438
91.9298245614035
92.45614035087719
92.98245614035088
89.64912280701755
89.29824561403508
90.17543859649123
91.2280701754386
91.57894736842105
91.57894736842105
93.85964912280701
93.33333333333333
89.29824561403508
92.10526315789474
94.91228070175438
96.3157894736842
88.59649122807018
88.7719298245614
93.33333333333333
95.43859649122807
87.89473684210526
93.33333333333333
90.87719298245614
86.84210526315789
94.03508771929825
96.3157894736842
97.89473684210526
94.03508771929825
92.80701754385964
92.28070175438596
95.96491228070175
87.01754385964912
96.14035087719299
92.98245614035088
90.35087719298245
93.6842105263158
90.87719298245614
96.14035087719299
89.82456140350877
92.10526315789474
96.3157894736842
92.28070175438596
91.57894736842105
89.29824561403508
89.82456140350877
87.89473684210526
97.54385964912281
94.3859649122807
94.91228070175438
89.47368421052632
90.87719298245614
95.26315789473684
95.96491228070175
93.85964912280701
94.21052631578948
95.26315789473684
91.9298245614035
92.63157894736842
84.91228070175438
95.43859649122807
99.29824561403508
88.42105263157895
94.03508771929825
91.05263157894737
94.03508771929825
96.49122807017544
94.91228070175438
91.57894736842105
92.98245614035088
95.26315789473684
90.70175438596492
95.96491228070175
93.15789473684211
93.50877192982456
91.05263157894737
92.45614035087719
91.05263157894737
95.08771929824562
95.6140350877193
96.84210526315789
94.91228070175438
98.7719298245614
95.96491228070175
91.9298245614035
97.19298245614036
87.71929824561404
89.12280701754386
94.56140350877193
92.80701754385964
95.26315789473684
98.59649122807018
94.91228070175438
95.08771929824562
86.84210526315789
90.87719298245614
92.10526315789474
94.73684210526316
89.64912280701755
91.9298245614035
98.24561403508773
95.26315789473684
92.28070175438596
93.50877192982456
94.03508771929825
94.03508771929825
94.21052631578948
91.05263157894737
93.6842105263158
95.43859649122807
96.14035087719299
92.98245614035088
97.19298245614036
92.45614035087719
94.3859649122807
97.01754385964912
97.19298245614036
94.21052631578948
97.19298245614036
93.6842105263158
94.21052631578948
92.28070175438596
93.50877192982456
89.29824561403508
97.54385964912281
95.96491228070175
90.0
95.96491228070175
90.87719298245614
95.6140350877193
94.73684210526316
92.98245614035088
99.47368421052632
93.85964912280701
91.75438596491227
96.84210526315789
94.03508771929825
97.01754385964912
95.78947368421052
96.66666666666667
94.73684210526316
96.3157894736842
89.47368421052632
91.9298245614035
91.57894736842105
90.87719298245614
94.91228070175438
96.84210526315789
98.59649122807018
97.36842105263158
98.0701754385965
96.49122807017544
99.29824561403508
87.54385964912281
92.98245614035088
95.96491228070175
88.94736842105263
94.21052631578948
97.19298245614036
93.33333333333333
93.15789473684211
95.78947368421052
97.71929824561404
98.7719298245614
97.36842105263158
94.91228070175438
89.12280701754386
92.63157894736842
98.59649122807018
90.70175438596492
96.14035087719299
90.70175438596492
95.26315789473684
93.50877192982456
95.78947368421052
97.01754385964912
94.91228070175438
94.56140350877193
94.73684210526316
94.91228070175438
93.6842105263158
95.6140350877193
91.75438596491227
97.89473684210526
98.0701754385965
93.50877192982456
97.71929824561404
98.59649122807018
96.84210526315789
92.80701754385964
98.42105263157895
85.43859649122807
93.50877192982456
97.01754385964912
93.33333333333333
97.54385964912281
97.54385964912281
98.7719298245614
95.78947368421052
91.9298245614035
94.3859649122807
97.71929824561404
95.96491228070175
92.45614035087719
97.01754385964912
97.36842105263158
94.91228070175438
90.70175438596492
94.21052631578948
92.28070175438596
96.84210526315789
95.6140350877193
97.54385964912281
97.19298245614036
96.84210526315789
97.89473684210526
93.15789473684211
93.85964912280701
94.91228070175438
96.3157894736842
91.2280701754386
93.15789473684211
96.66666666666667
98.0701754385965
96.49122807017544
96.3157894736842
96.66666666666667
97.01754385964912
91.9298245614035
92.10526315789474
92.28070175438596
96.14035087719299
95.78947368421052
95.96491228070175
98.0701754385965
90.35087719298245
97.19298245614036
90.17543859649123
95.26315789473684
98.24561403508773
96.49122807017544
94.73684210526316
96.49122807017544
92.80701754385964
97.01754385964912
98.0701754385965
91.40350877192982
97.54385964912281
95.26315789473684
92.63157894736842
89.12280701754386
98.0701754385965
89.64912280701755
95.43859649122807
96.14035087719299
99.29824561403508
97.71929824561404
92.28070175438596
91.75438596491227
97.89473684210526
98.24561403508773
95.6140350877193
94.03508771929825
98.42105263157895
96.66666666666667
96.3157894736842
96.3157894736842
92.63157894736842
94.73684210526316
96.3157894736842
99.47368421052632
96.3157894736842
97.71929824561404
94.3859649122807
97.01754385964912
94.3859649122807
94.21052631578948
93.15789473684211
95.43859649122807
98.94736842105263
98.7719298245614
91.40350877192982
94.91228070175438
98.0701754385965
97.36842105263158
98.59649122807018
96.14035087719299
95.78947368421052
97.01754385964912
99.64912280701755
97.36842105263158
96.49122807017544
99.29824561403508
92.28070175438596
98.0701754385965
97.89473684210526
96.3157894736842
95.96491228070175
98.59649122807018
97.54385964912281
95.78947368421052
97.71929824561404
90.17543859649123
94.56140350877193
97.36842105263158
98.7719298245614
94.56140350877193
95.96491228070175
92.98245614035088
93.6842105263158
99.82456140350877
98.0701754385965
98.42105263157895
91.75438596491227
99.82456140350877
92.80701754385964
99.12280701754386
95.08771929824562
95.6140350877193
95.26315789473684
92.10526315789474
95.96491228070175
88.59649122807018
95.78947368421052
94.21052631578948
97.19298245614036
94.56140350877193
89.29824561403508
